v_drive [km/h]	-20	-15	-10	-6	-4	-2	0	2	4	6	10	15	20	pStop IO (%) [v_ave]	pStop AO (%) [v_ave]	pStop AB (%) [v_ave]
5	-0.320966121	-0.220157012	-0.130379612	-0.075120815	-0.053767769	-0.03807573	-0.026511975	-0.018375279	-0.012772261	-0.008889079	-0.004057651	-0.001360344	-0.000502333	0.3716	0.4255	0.4477
10	-0.641932241	-0.440314024	-0.260759224	-0.15024163	-0.107535537	-0.07615146	-0.053023951	-0.036750557	-0.025544522	-0.017778158	-0.008115302	-0.002720688	-0.001004667	0.3361	0.3499	0.3941
15	-0.939500624	-0.64534642	-0.382705355	-0.220279995	-0.157561977	-0.111662926	-0.077949897	-0.054240707	-0.03788558	-0.02653608	-0.012338467	-0.004330863	-0.001635131	0.3006	0.2742	0.3405
20	-1.057560581	-0.734342118	-0.439949455	-0.251412206	-0.178963538	-0.127623894	-0.090744139	-0.064997276	-0.046959663	-0.034312115	-0.017770834	-0.007444608	-0.002977048	0.2650	0.1985	0.2870
25	-1.175620537	-0.823337817	-0.497193556	-0.282544416	-0.200365099	-0.143584861	-0.103538381	-0.075753846	-0.056033746	-0.04208815	-0.023203202	-0.010558352	-0.004318965	0.2295	0.1228	0.2334
30	-1.30528256	-0.917422551	-0.553911759	-0.310122097	-0.216208648	-0.153668303	-0.110689411	-0.08106793	-0.060210113	-0.045212178	-0.024372063	-0.010433339	-0.004035929	0.1849	0.0585	0.1798
35	-1.451647368	-1.018833657	-0.609872858	-0.332582538	-0.224061074	-0.155328586	-0.109724907	-0.078584575	-0.057360344	-0.041655461	-0.01953949	-0.00695028	-0.002168624	0.1076	0.0366	0.1262
40	-1.514036147	-1.058871908	-0.626298501	-0.330841995	-0.216701944	-0.146686197	-0.10160725	-0.07182216	-0.051521246	-0.037158415	-0.016667249	-0.005603749	-0.001363076	0.0725	0.0267	0.0727
45	-1.529030877	-1.064272797	-0.620411285	-0.315446509	-0.20088686	-0.132246591	-0.089514826	-0.062680838	-0.04412326	-0.03215197	-0.014804885	-0.005174929	-0.001212423	0.0496	0.0184	0.0191
50	-1.544025607	-1.069673686	-0.614524068	-0.300051022	-0.185071776	-0.117806986	-0.077422402	-0.053539516	-0.036725273	-0.027145526	-0.012942521	-0.004739691	-0.00106177	0.0275	0.0101	0.0000
55	-1.552197044	-1.071173563	-0.606446385	-0.284464735	-0.169531783	-0.10433795	-0.065976913	-0.044346558	-0.028758463	-0.021650933	-0.010229006	-0.003826303	-0.000841287	0.0174	0.0052	0.0000
60	-1.550214939	-1.065365499	-0.594545422	-0.267059376	-0.153269386	-0.091429051	-0.056199321	-0.03704529	-0.023479551	-0.017605554	-0.008435632	-0.003398124	-0.000629687	0.0117	0.0025	0.0000
65	-1.53742526	-1.051549455	-0.578339015	-0.247431376	-0.136115665	-0.079014969	-0.048210651	-0.031846005	-0.021706474	-0.015163337	-0.008204365	-0.003194534	-0.000284551	0.0083	0.0018	0.0000
70	-1.522830991	-1.03541575	-0.557846309	-0.225313857	-0.119023138	-0.066816579	-0.039441875	-0.025079603	-0.016734069	-0.011480396	-0.006316299	-0.001771607	0	0.0027	0.0018	0.0000
75	-1.501353108	-1.013495635	-0.534478578	-0.202341857	-0.102462985	-0.056344947	-0.033645229	-0.021980325	-0.015070701	-0.01056256	-0.004843395	-0.001105236	0	0.0000	0.0006	0.0000
80	-1.477326268	-0.989262478	-0.50920723	-0.17813121	-0.086042014	-0.046532837	-0.028509792	-0.019488297	-0.013850062	-0.010022797	-0.003735942	0	0	0.0000	0.0000	0.0000
85	-1.453490989	-0.964886381	-0.482518992	-0.152298998	-0.06950343	-0.036721856	-0.022552706	-0.015674457	-0.011322555	-0.008436743	-0.002799735	0	0	0.0000	0.0000	0.0000
90	-1.423192354	-0.93434964	-0.45215843	-0.130452513	-0.057172756	-0.029563934	-0.018184509	-0.012964183	-0.009304362	-0.006853149	-0.000518187	0	0	0.0000	0.0000	0.0000
95	-1.391211111	-0.902209095	-0.420841852	-0.109643611	-0.045937422	-0.023087151	-0.014218687	-0.01052815	-0.007408938	-0.005270102	0	0	0	0.0000	0.0001	0.0000
100	-1.355561556	-0.86636278	-0.386023329	-0.092174673	-0.037706255	-0.018661852	-0.011425921	-0.008379628	-0.005749466	-0.003984319	0	0	0	0.0000	0.0001	0.0000
105	-1.317271755	-0.82784926	-0.348684304	-0.077109616	-0.031636934	-0.015697066	-0.009457485	-0.006746409	-0.004411938	-0.00281502	0	0	0	0.0000	0.0001	0.0000
110	-1.278981954	-0.78933574	-0.311345279	-0.062044559	-0.025567613	-0.012732279	-0.007489049	-0.005113191	-0.00307441	-0.001763404	0	0	0	0.0000	0.0001	0.0000
115	-1.239638799	-0.749851749	-0.273666633	-0.048360205	-0.020573575	-0.010444204	-0.005930717	-0.003573143	-0.001995458	-0.000984641	0	0	0	0.0000	0.0002	0.0000
120	-1.199586913	-0.709714794	-0.235759479	-0.035604589	-0.016302052	-0.008608381	-0.004640278	-0.002484433	-0.001097297	-0.000132244	0	0	0	0.0000	0.0002	0.0000
125	-1.155695281	-0.665772958	-0.193273343	-0.027534311	-0.014319858	-0.008058156	-0.00415594	-0.001425488	-0.000307513	0	0	0	0	0.0000	0.0002	0.0000
130	-1.111394069	-0.621425261	-0.150298772	-0.019963271	-0.012580535	-0.007642572	-0.00375104	-0.000451088	0	0	0	0	0	0.0000	0.0003	0.0000
135	-1.067092857	-0.577077563	-0.107324202	-0.012392231	-0.010841213	-0.007226988	-0.00334614	0	0	0	0	0	0	0.0000	0.0003	0.0000
140	-1.022791645	-0.532729866	-0.064349632	-0.004821192	-0.00910189	-0.006811404	-0.00294124	0	0	0	0	0	0	0.0000	0.0003	0.0000
145	-0.978490434	-0.488382169	-0.021375062	0	-0.007362568	-0.00639582	-0.00253634	0	0	0	0	0	0	0.0000	0.0003	0.0000
150	-0.934189222	-0.444034472	0	0	-0.005623246	-0.005980236	-0.00213144	0	0	0	0	0	0	0.0000	0.0004	0.0000
155	-0.88988801	-0.399686775	0	0	-0.003883923	-0.005564651	-0.00172654	0	0	0	0	0	0	0.0000	0.0004	0.0000
160	-0.845586798	-0.355339078	0	0	-0.002144601	-0.005149067	-0.00132164	0	0	0	0	0	0	0.0000	0.0004	0.0000
165	-0.801285586	-0.31099138	0	0	-0.000405279	-0.004733483	-0.00091674	0	0	0	0	0	0	0.0000	0.0005	0.0000
170	-0.756984374	-0.266643683	0	0	0	-0.004317899	-0.00051184	0	0	0	0	0	0	0.0000	0.0005	0.0000
175	-0.712683162	-0.222295986	0	0	0	-0.003902315	-0.00010694	0	0	0	0	0	0	0.0000	0.0005	0.0000
180	-0.66838195	-0.177948289	0	0	0	-0.003486731	0	0	0	0	0	0	0	0.0000	0.0005	0.0000
185	-0.66838195	-0.177948289	0	0	0	-0.003486731	0	0	0	0	0	0	0	0.0000	0.0006	0.0000
190	-0.66838195	-0.177948289	0	0	0	-0.003486731	0	0	0	0	0	0	0	0.0000	0.0006	0.0000
195	-0.66838195	-0.177948289	0	0	0	-0.003486731	0	0	0	0	0	0	0	0.0000	0.0006	0.0000
200	-0.66838195	-0.177948289	0	0	0	-0.003486731	0	0	0	0	0	0	0	0.0000	0.0007	0.0000
