v_drive [km/h]	-20	-15	-10	-6	-4	-2	0	2	4	6	10	15	20	pStop IO (%) [v_ave]	pStop AO (%) [v_ave]	pStop AB (%) [v_ave]
5	-0.240910391	-0.161088454	-0.094376621	-0.055185844	-0.041651347	-0.031905015	-0.024405672	-0.018336393	-0.013880427	-0.01005693	-0.004892528	-0.000843822	-0.000218283	0.3622	0.3807	0.3945
10	-0.481820782	-0.322176908	-0.188753242	-0.110371688	-0.083302694	-0.063810029	-0.048811344	-0.036672787	-0.027760855	-0.02011386	-0.009785057	-0.001687645	-0.000436566	0.3173	0.3232	0.3533
15	-0.722731172	-0.483265361	-0.283129862	-0.165557532	-0.124954041	-0.095715044	-0.073217017	-0.05500918	-0.041641282	-0.03017079	-0.014677585	-0.002531467	-0.00065485	0.2724	0.2658	0.3121
20	-0.823894771	-0.547016112	-0.322454517	-0.191999601	-0.146428004	-0.113760523	-0.088987347	-0.069522315	-0.052742967	-0.039708091	-0.021449927	-0.003406922	-0.000719489	0.2275	0.2083	0.2710
25	-0.823176566	-0.541508799	-0.32380728	-0.198036193	-0.154081656	-0.122428154	-0.098835901	-0.081473063	-0.062064592	-0.048935776	-0.030151841	-0.006148971	-0.000551298	0.1826	0.1509	0.2298
30	-0.840910708	-0.542564301	-0.329754564	-0.207424395	-0.164822931	-0.132190875	-0.108684455	-0.093423132	-0.071826331	-0.058476329	-0.036465339	-0.007408772	-0.000383106	0.1246	0.0946	0.1886
35	-1.083659178	-0.744368841	-0.440035959	-0.275350864	-0.217751197	-0.175180718	-0.137336966	-0.103176458	-0.085930339	-0.066666865	-0.024784652	-0.002673228	-0.000214914	0.0488	0.0496	0.1474
40	-1.088228398	-0.723433035	-0.409388374	-0.248414566	-0.194811008	-0.154624874	-0.120581275	-0.09082494	-0.073862924	-0.056513183	-0.015097124	-0.001665868	-4.67224E-05	0.0387	0.0240	0.1062
45	-1.092797619	-0.702497229	-0.378740788	-0.221478267	-0.171870819	-0.13406903	-0.103825584	-0.078473422	-0.06179551	-0.046359501	-0.006504161	-0.000663482	0	0.0286	0.0183	0.0650
50	-1.097366839	-0.681561423	-0.348093202	-0.194541969	-0.148930631	-0.113513186	-0.087069893	-0.066121904	-0.049728096	-0.036390482	-0.001100659	0	0	0.0185	0.0127	0.0238
55	-1.040086029	-0.619093716	-0.296253898	-0.161033182	-0.121901718	-0.094058345	-0.071261749	-0.052660256	-0.040331761	-0.0283593	0	0	0	0.0135	0.0093	0.0000
60	-0.981793159	-0.561221807	-0.254068189	-0.135037435	-0.101205878	-0.078008669	-0.058684551	-0.043160884	-0.033129429	-0.02252306	0	0	0	0.0081	0.0062	0.0000
65	-0.938716419	-0.521534716	-0.231937231	-0.12202873	-0.090639331	-0.06721939	-0.050593301	-0.038447123	-0.028470212	-0.018585531	0	0	0	0.0022	0.0034	0.0000
70	-0.868252228	-0.463188477	-0.206433761	-0.110004539	-0.082126149	-0.060795176	-0.046007538	-0.034518162	-0.026889899	-0.018392237	0	0	0	0.0012	0.0026	0.0000
75	-0.798433909	-0.411248066	-0.184146132	-0.100222637	-0.075165498	-0.054488466	-0.041144948	-0.03038304	-0.023439041	-0.015754336	0	0	0	0.0005	0.0014	0.0000
80	-0.729997586	-0.365608724	-0.164416476	-0.091370093	-0.06837811	-0.047611885	-0.035441965	-0.025626952	-0.017609832	-0.011378564	0	0	0	0.0000	0.0000	0.0000
85	-0.660892065	-0.314100924	-0.139625348	-0.071572853	-0.052938506	-0.037537963	-0.027245842	-0.018694769	-0.012812634	-0.007663253	0	0	0	0.0000	0.0000	0.0000
90	-0.577438583	-0.257866589	-0.112325313	-0.05468595	-0.039647209	-0.028686152	-0.020476979	-0.013522739	-0.008391668	-0.003800698	0	0	0	0.0000	0.0000	0.0000
95	-0.488476512	-0.201554021	-0.085246212	-0.043663027	-0.030144418	-0.02211469	-0.015646393	-0.010417968	-0.004829798	-0.000515291	0	0	0	0.0000	0.0000	0.0000
100	-0.396842092	-0.147867229	-0.059928041	-0.031933529	-0.020106916	-0.014778623	-0.008711627	-0.004713538	-0.001247522	0	0	0	0	0.0000	0.0000	0.0000
105	-0.301587675	-0.101265304	-0.037044479	-0.014426715	-0.009460572	-0.006042386	-0.001815996	-0.000491832	0	0	0	0	0	0.0000	0.0000	0.0000
110	-0.205622227	-0.05606729	-0.014616736	-0.005543633	-0.001780931	-0.000639803	0	0	0	0	0	0	0	0.0000	0.0000	0.0000
115	-0.123666957	-0.028673496	-0.005396488	0	0	0	0	0	0	0	0	0	0	0.0000	0.0000	0.0000
120	-0.054480949	-0.011486749	-0.001809915	0	0	0	0	0	0	0	0	0	0	0.0000	0.0000	0.0000
125	0	0	0	0	0	0	0	0	0	0	0	0	0	0.0000	0.0000	0.0000
130	0	0	0	0	0	0	0	0	0	0	0	0	0	0.0000	0.0000	0.0000
135	0	0	0	0	0	0	0	0	0	0	0	0	0	0.0000	0.0000	0.0000
140	0	0	0	0	0	0	0	0	0	0	0	0	0	0.0000	0.0000	0.0000
145	0	0	0	0	0	0	0	0	0	0	0	0	0	0.0000	0.0000	0.0000
150	0	0	0	0	0	0	0	0	0	0	0	0	0	0.0000	0.0000	0.0000
155	0	0	0	0	0	0	0	0	0	0	0	0	0	0.0000	0.0000	0.0000
160	0	0	0	0	0	0	0	0	0	0	0	0	0	0.0000	0.0000	0.0000
165	0	0	0	0	0	0	0	0	0	0	0	0	0	0.0000	0.0000	0.0000
170	0	0	0	0	0	0	0	0	0	0	0	0	0	0.0000	0.0000	0.0000
175	0	0	0	0	0	0	0	0	0	0	0	0	0	0.0000	0.0000	0.0000
180	0	0	0	0	0	0	0	0	0	0	0	0	0	0.0000	0.0000	0.0000
185	0	0	0	0	0	0	0	0	0	0	0	0	0	0.0000	0.0000	0.0000
190	0	0	0	0	0	0	0	0	0	0	0	0	0	0.0000	0.0000	0.0000
195	0	0	0	0	0	0	0	0	0	0	0	0	0	0.0000	0.0000	0.0000
200	0	0	0	0	0	0	0	0	0	0	0	0	0	0.0000	0.0000	0.0000
