v_drive [km/h]	stg	PKW	LNF	LKW	LSZ	RB	SB	MR-2T	MR-4T	KKR	Free
0	-20	0	0	0	0	0	0	0	0	0	0
0	-15	0	0	0	0	0	0	0	0	0	0
0	-10	0	0	0	0	0	0	0	0	0	0
0	-6	0	0	0	0	0	0	0	0	0	0
0	-4	0	0	0	0	0	0	0	0	0	0
0	-2	0	0	0	0	0	0	0	0	0	0
0	0	0	0	0	0	0	0	0	0	0	0
0	2	0	0	0	0	0	0	0	0	0	0
0	4	0	0	0	0	0	0	0	0	0	0
0	6	0	0	0	0	0	0	0	0	0	0
0	10	0	0	0	0	0	0	0	0	0	0
0	15	0	0	0	0	0	0	0	0	0	0
0	20	0	0	0	0	0	0	0	0	0	0
5	-20	-0.305297801	-0.320966121	-0.331067094	-0.369023419	-0.336647282	-0.379523527	-0.237283089	-0.240910391	-0.210155475	0
5	-15	-0.206713771	-0.220157012	-0.234024877	-0.265309443	-0.237561278	-0.267808914	-0.158246101	-0.161088454	-0.12818955	0
5	-10	-0.122465144	-0.130379612	-0.145836603	-0.168702722	-0.147676696	-0.167171759	-0.092425899	-0.094376621	-0.071092092	0
5	-6	-0.070940467	-0.075120815	-0.086946162	-0.101482536	-0.087938554	-0.098981376	-0.053985146	-0.055185844	-0.041379969	0
5	-4	-0.051288518	-0.053767769	-0.063393038	-0.073345491	-0.063731297	-0.071892641	-0.040796577	-0.041651347	-0.029382136	0
5	-2	-0.036736513	-0.03807573	-0.044775294	-0.049793564	-0.044198099	-0.048808943	-0.031246712	-0.031905015	-0.021828832	0
5	0	-0.025469414	-0.026511975	-0.032090611	-0.033462	-0.030612765	-0.033229171	-0.023878023	-0.024405672	-0.016169949	0
5	2	-0.017899793	-0.018375279	-0.02278008	-0.021895301	-0.021213285	-0.021117757	-0.01789386	-0.018336393	-0.011776572	0
5	4	-0.012521054	-0.012772261	-0.016552774	-0.013619563	-0.014796082	-0.014040264	-0.013534676	-0.013880427	-0.008421675	0
5	6	-0.008633277	-0.008889079	-0.011742781	-0.008089375	-0.009459399	-0.008720734	-0.009784611	-0.01005693	-0.005727426	0
5	10	-0.004334648	-0.004057651	-0.005409584	-0.002041862	-0.003839061	-0.001096223	-0.004788452	-0.004892528	-0.00309613	0
5	15	-0.00175249	-0.001360344	-0.001800723	-8.55774E-05	-0.000765429	-0.000323866	-0.000844247	-0.000843822	-0.000910176	0
5	20	-0.000700314	-0.000502333	-0.000393836	-1.05305E-05	-6.45174E-05	-5.41248E-05	-0.000217365	-0.000218283	-3.83429E-05	0
10	-20	-0.610595602	-0.641932241	-0.662134188	-0.738046838	-0.673294564	-0.759047054	-0.474566179	-0.481820782	-0.420310949	0
10	-15	-0.413427542	-0.440314024	-0.468049755	-0.530618887	-0.475122557	-0.535617828	-0.316492202	-0.322176908	-0.256379101	0
10	-10	-0.244930288	-0.260759224	-0.291673207	-0.337405444	-0.295353391	-0.334343519	-0.184851799	-0.188753242	-0.142184184	0
10	-6	-0.141880933	-0.15024163	-0.173892324	-0.202965072	-0.175877108	-0.197962751	-0.107970292	-0.110371688	-0.082759939	0
10	-4	-0.102577036	-0.107535537	-0.126786076	-0.146690981	-0.127462593	-0.143785283	-0.081593155	-0.083302694	-0.058764272	0
10	-2	-0.073473026	-0.07615146	-0.089550589	-0.099587128	-0.088396198	-0.097617886	-0.062493423	-0.063810029	-0.043657664	0
10	0	-0.050938827	-0.053023951	-0.064181222	-0.066924	-0.06122553	-0.066458342	-0.047756045	-0.048811344	-0.032339897	0
10	2	-0.035799586	-0.036750557	-0.045560159	-0.043790601	-0.04242657	-0.042235515	-0.03578772	-0.036672787	-0.023553143	0
10	4	-0.025042108	-0.025544522	-0.033105548	-0.027239125	-0.029592165	-0.028080527	-0.027069352	-0.027760855	-0.016843349	0
10	6	-0.017266553	-0.017778158	-0.023485562	-0.016178751	-0.018918798	-0.017441468	-0.019569222	-0.02011386	-0.011454852	0
10	10	-0.008669295	-0.008115302	-0.010819168	-0.004083725	-0.007678122	-0.002192447	-0.009576905	-0.009785057	-0.00619226	0
10	15	-0.003504979	-0.002720688	-0.003601446	-0.000171155	-0.001530859	-0.000647732	-0.001688493	-0.001687645	-0.001820352	0
10	20	-0.001400627	-0.001004667	-0.000787672	-2.10609E-05	-0.000129035	0	-0.000434729	-0.000436566	-6.61805E-05	0
15	-20	-0.891860028	-0.939500624	-0.993201282	-1.107070258	-1.009941846	-1.000137678	-0.711849268	-0.722731172	-0.630466424	0
15	-15	-0.605056255	-0.64534642	-0.702074632	-0.79592833	-0.712683835	-0.708771329	-0.474738303	-0.483265361	-0.384568651	0
15	-10	-0.358781196	-0.382705355	-0.43750981	-0.506108166	-0.443030087	-0.444169238	-0.277277698	-0.283129862	-0.213276277	0
15	-6	-0.207516604	-0.220279995	-0.260838486	-0.304447608	-0.263815662	-0.262529898	-0.161955437	-0.165557532	-0.124139908	0
15	-4	-0.149851068	-0.157561977	-0.190179115	-0.220036472	-0.19119389	-0.189505999	-0.122389732	-0.124954041	-0.088146408	0
15	-2	-0.107424833	-0.111662926	-0.134325883	-0.149380692	-0.132594297	-0.127804781	-0.093740135	-0.095715044	-0.065486495	0
15	0	-0.074672923	-0.077949897	-0.096271832	-0.100386001	-0.091838294	-0.087187449	-0.071634068	-0.073217017	-0.048509846	0
15	2	-0.052653662	-0.054240707	-0.068340239	-0.065685902	-0.063639855	-0.06120376	-0.05368158	-0.05500918	-0.035329715	0
15	4	-0.037053994	-0.03788558	-0.049658322	-0.040858688	-0.044388247	-0.042120791	-0.040604029	-0.041641282	-0.025265024	0
15	6	-0.025785558	-0.02653608	-0.035228342	-0.024268126	-0.028378197	-0.026162202	-0.029353833	-0.03017079	-0.017182278	0
15	10	-0.013134832	-0.012338467	-0.016228752	-0.006125587	-0.011517183	-0.00328867	-0.014365357	-0.014677585	-0.00928839	0
15	15	-0.005433227	-0.004330863	-0.005402169	-0.000250488	-0.002296288	-0.000971598	-0.00253274	-0.002531467	-0.002730528	0
15	20	-0.00220661	-0.001635131	-0.001181508	-2.18668E-05	-0.000193552	0	-0.000652094	-0.00065485	0	0
20	-20	-1.012276244	-1.057560581	-1.139889562	-1.253934383	-1.161192612	-1.114595979	-0.812925355	-0.823894771	-0.691723218	0
20	-15	-0.695725176	-0.734342118	-0.808012643	-0.905750134	-0.824074999	-0.795338228	-0.538884864	-0.547016112	-0.419103031	0
20	-10	-0.414979592	-0.439949455	-0.499912914	-0.576959529	-0.511793627	-0.501537324	-0.31696465	-0.322454517	-0.238616593	0
20	-6	-0.237648862	-0.251412206	-0.288922763	-0.34302938	-0.297520984	-0.297143755	-0.188710327	-0.191999601	-0.140814571	0
20	-4	-0.170257348	-0.178963538	-0.202884127	-0.244406103	-0.209323908	-0.211711244	-0.144043169	-0.146428004	-0.107516173	0
20	-2	-0.122762548	-0.127623894	-0.13763427	-0.16112372	-0.139453944	-0.142160192	-0.111915255	-0.113760523	-0.082021103	0
20	0	-0.086817244	-0.090744139	-0.095303374	-0.105059177	-0.093586245	-0.09710159	-0.087480078	-0.088987347	-0.063050397	0
20	2	-0.06252166	-0.064997276	-0.065364811	-0.065929984	-0.062588206	-0.065255964	-0.068203737	-0.069522315	-0.048895485	0
20	4	-0.045680205	-0.046959663	-0.045709343	-0.037566105	-0.041970541	-0.04237458	-0.051767018	-0.052742967	-0.036251957	0
20	6	-0.033545196	-0.034312115	-0.031941505	-0.021123712	-0.024201792	-0.023950302	-0.038936228	-0.039708091	-0.025054899	0
20	10	-0.018463435	-0.017770834	-0.012219814	-0.004462011	-0.008910526	-0.004284088	-0.021051968	-0.021449927	-0.010460174	0
20	15	-0.00840294	-0.007444608	-0.004034848	0	-0.00162042	-0.000213593	-0.003415218	-0.003406922	-0.002513439	0
20	20	-0.003675013	-0.002977048	-0.000964521	0	-4.61274E-05	0	-0.000715955	-0.000719489	0	0
25	-20	-1.132692461	-1.175620537	-1.274139846	-1.385811881	-1.299936727	-1.22905428	-0.814048542	-0.823176566	-0.678936795	0
25	-15	-0.786394098	-0.823337817	-0.905310051	-1.005082909	-0.926954862	-0.881905127	-0.535618761	-0.541508799	-0.407365113	0
25	-10	-0.471177987	-0.497193556	-0.556687685	-0.641210307	-0.575233771	-0.558905411	-0.32017351	-0.32380728	-0.241761533	0
25	-6	-0.267781119	-0.282544416	-0.313059954	-0.377944429	-0.327661978	-0.331757613	-0.195983507	-0.198036193	-0.14594126	0
25	-4	-0.190663627	-0.200365099	-0.21244667	-0.266096351	-0.224751258	-0.233916488	-0.152514002	-0.154081656	-0.115203579	0
25	-2	-0.138100262	-0.143584861	-0.138518783	-0.171011086	-0.144060057	-0.156515603	-0.121181077	-0.122428154	-0.093275368	0
25	0	-0.098961566	-0.103538381	-0.092276239	-0.109229278	-0.093872397	-0.107015732	-0.097780075	-0.098835901	-0.076268221	0
25	2	-0.072389657	-0.075753846	-0.060814139	-0.063027644	-0.060502552	-0.069308168	-0.08044997	-0.081473063	-0.063573863	0
25	4	-0.054306415	-0.056033746	-0.040748774	-0.030378497	-0.038972537	-0.040197245	-0.061402643	-0.062064592	-0.048311263	0
25	6	-0.041304833	-0.04208815	-0.028205338	-0.015185808	-0.01582477	-0.020865489	-0.048397255	-0.048935776	-0.034497254	0
25	10	-0.023792038	-0.023203202	-0.005233477	-0.002451609	-0.005101503	-0.000692523	-0.029608005	-0.030151841	-0.01024368	0
25	15	-0.011372653	-0.010558352	-0.002041599	0	-0.000521123	0	-0.006152662	-0.006148971	-0.002070986	0
25	20	-0.005143416	-0.004318965	-0.000151229	0	0	0	-0.000550023	-0.000551298	0	0
30	-20	-1.269059446	-1.30528256	-1.400394487	-1.513061441	-1.431384557	-1.345109098	-0.823162108	-0.840910708	-0.720208063	0
30	-15	-0.884919288	-0.917422551	-0.995254371	-1.100115337	-1.023347342	-0.966596619	-0.532352658	-0.542564301	-0.433811212	0
30	-10	-0.529134118	-0.553911759	-0.607252966	-0.700599254	-0.632471578	-0.610203326	-0.323811473	-0.329754564	-0.255886442	0
30	-6	-0.29473044	-0.310122097	-0.330409556	-0.407006867	-0.351518078	-0.358046328	-0.204160749	-0.207424395	-0.159801139	0
30	-4	-0.206421148	-0.216208648	-0.215680479	-0.281694061	-0.233341388	-0.248126746	-0.162194287	-0.164822931	-0.124562977	0
30	-2	-0.147886503	-0.153668303	-0.132480507	-0.173981587	-0.141426136	-0.162982855	-0.130446899	-0.132190875	-0.104832102	0
30	0	-0.105883666	-0.110689411	-0.085272816	-0.104609755	-0.089351588	-0.108631836	-0.108080073	-0.108684455	-0.088622299	0
30	2	-0.077523994	-0.08106793	-0.054254584	-0.058427103	-0.055058212	-0.068901368	-0.092696203	-0.093423132	-0.072817856	0
30	4	-0.058235957	-0.060210113	-0.034249894	-0.025819549	-0.033694647	-0.036293835	-0.071347881	-0.071826331	-0.052519844	0
30	6	-0.044325154	-0.045212178	-0.022679172	-0.009250382	-0.011385296	-0.016878932	-0.058157642	-0.058476329	-0.039310795	0
30	10	-0.025026178	-0.024372063	-0.00123091	-0.000441208	-0.001525927	0	-0.035452375	-0.036465339	-0.009722581	0
30	15	-0.011444923	-0.010433339	-0.000156211	0	0	0	-0.007408772	-0.007408772	-0.001426394	0
30	20	-0.004857808	-0.004035929	0	0	0	0	-0.000384092	-0.000383106	0	0
35	-20	-1.426825314	-1.451647368	-1.517895589	-1.635244387	-1.554844493	-1.464517401	-1.083659178	-1.083659178	-0.868286222	0
35	-15	-0.99398412	-1.018833657	-1.077148611	-1.190439794	-1.112637506	-1.047349266	-0.744368841	-0.744368841	-0.533157266	0
35	-10	-0.589448354	-0.609872858	-0.651020169	-0.754665524	-0.682919138	-0.648759894	-0.440035959	-0.440035959	-0.297170832	0
35	-6	-0.317409668	-0.332582538	-0.340328184	-0.429727971	-0.368493548	-0.367178567	-0.275350864	-0.275350864	-0.189493896	0
35	-4	-0.21594209	-0.224061074	-0.21204122	-0.291309023	-0.23451345	-0.246290766	-0.217751197	-0.217751197	-0.150551557	0
35	-2	-0.150225155	-0.155328586	-0.118939232	-0.170328994	-0.131294754	-0.157764137	-0.175180718	-0.175180718	-0.11455255	0
35	0	-0.105811554	-0.109724907	-0.074066888	-0.092918089	-0.079809475	-0.101772097	-0.137336966	-0.137336966	-0.095522527	0
35	2	-0.076355286	-0.078584575	-0.045612202	-0.052583489	-0.046420554	-0.060949793	-0.103176458	-0.103176458	-0.063706182	0
35	4	-0.05591209	-0.057360344	-0.026310765	-0.02450334	-0.026637313	-0.029583693	-0.085930339	-0.085930339	-0.043677025	0
35	6	-0.041082849	-0.041655461	-0.015850813	-0.007708343	-0.012959042	-0.010228037	-0.066666865	-0.066666865	-0.023831944	0
35	10	-0.020942746	-0.01953949	-0.002878332	0	-0.001334329	0	-0.024519545	-0.024784652	-0.005567515	0
35	15	-0.008122903	-0.00695028	-5.42201E-06	0	0	0	-0.002673228	-0.002673228	-0.000218805	0
35	20	-0.002453312	-0.002168624	0	0	0	0	-0.00021816	-0.000214914	0	0
40	-20	-1.500818988	-1.514036147	-1.572510208	-1.694469134	-1.616714581	-1.583925704	-1.088228398	-1.088228398	-0.842974448	0
40	-15	-1.044157413	-1.058871908	-1.114953439	-1.234266934	-1.158219521	-1.128101914	-0.723433035	-0.723433035	-0.491689263	0
40	-10	-0.613603379	-0.626298501	-0.669484752	-0.78079472	-0.709571333	-0.687316462	-0.409388374	-0.409388374	-0.264315107	0
40	-6	-0.320381109	-0.330841995	-0.34039081	-0.438695868	-0.376748024	-0.376310806	-0.248414566	-0.248414566	-0.164285955	0
40	-4	-0.211098353	-0.216701944	-0.202421224	-0.290061146	-0.232173409	-0.244454785	-0.194811008	-0.194811008	-0.128398272	0
40	-2	-0.142925611	-0.146686197	-0.106910212	-0.159834766	-0.12111178	-0.152545418	-0.154624874	-0.154624874	-0.096815745	0
40	0	-0.098808305	-0.10160725	-0.063678976	-0.081746711	-0.069358265	-0.094912358	-0.120581275	-0.120581275	-0.080067468	0
40	2	-0.070311695	-0.07182216	-0.038032361	-0.045411431	-0.038956947	-0.052998218	-0.09082494	-0.09082494	-0.052403027	0
40	4	-0.050960701	-0.051521246	-0.020836223	-0.020465056	-0.021528941	-0.022873551	-0.073862924	-0.073862924	-0.033957493	0
40	6	-0.036933098	-0.037158415	-0.01157681	-0.004664731	-0.011505952	0	-0.056513183	-0.056513183	-0.013020462	0
40	10	-0.018294168	-0.016667249	-0.002454893	0	-0.000749491	0	-0.015097124	-0.015097124	-0.00193109	0
40	15	-0.006566106	-0.005603749	0	0	0	0	-0.001665868	-0.001665868	0	0
40	20	-0.001791196	-0.001363076	0	0	0	0	-5.22284E-05	-4.67224E-05	0	0
45	-20	-1.527533652	-1.529030877	-1.607676113	-1.734222986	-1.659536959	-1.673925172	-1.092797619	-1.092797619	-0.817662675	0
45	-15	-1.061093737	-1.064272797	-1.139122866	-1.263713987	-1.190284046	-1.188838702	-0.702497229	-0.702497229	-0.45022126	0
45	-10	-0.617351017	-0.620411285	-0.680124071	-0.798283899	-0.728864406	-0.715513412	-0.378740788	-0.378740788	-0.231459382	0
45	-6	-0.31222995	-0.315446509	-0.337405657	-0.443844473	-0.382305535	-0.380010496	-0.221478267	-0.221478267	-0.139078014	0
45	-4	-0.198147736	-0.20088686	-0.190952846	-0.283901218	-0.228828009	-0.238636622	-0.171870819	-0.171870819	-0.106244986	0
45	-2	-0.130186635	-0.132246591	-0.095303714	-0.145982753	-0.110915288	-0.144313218	-0.13406903	-0.13406903	-0.07907894	0
45	0	-0.087893479	-0.089514826	-0.05368429	-0.070857541	-0.058458831	-0.086934499	-0.103825584	-0.103825584	-0.061461779	0
45	2	-0.061518757	-0.062680838	-0.030936817	-0.037449884	-0.032237366	-0.0466427	-0.078473422	-0.078473422	-0.040266021	0
45	4	-0.044549295	-0.04412326	-0.017119117	-0.015750365	-0.017361113	-0.018741145	-0.06179551	-0.06179551	-0.023886185	0
45	6	-0.03228738	-0.03215197	-0.009241867	-0.00149328	-0.00836772	0	-0.046359501	-0.046359501	-0.003353196	0
45	10	-0.016426739	-0.014804885	-0.001517912	0	-9.44615E-05	0	-0.006504161	-0.006504161	0	0
45	15	-0.00610659	-0.005174929	0	0	0	0	-0.000663482	-0.000663482	0	0
45	20	-0.001787654	-0.001212423	0	0	0	0	0	0	0	0
50	-20	-1.554248315	-1.544025607	-1.640802419	-1.771782446	-1.700153004	-1.656751135	-1.097366839	-1.097366839	-0.789827593	0
50	-15	-1.078030061	-1.069673686	-1.161869304	-1.291565781	-1.220750909	-1.176632453	-0.681561423	-0.681561423	-0.407145361	0
50	-10	-0.621098654	-0.614524068	-0.689949506	-0.81480946	-0.747164411	-0.705957199	-0.348093202	-0.348093202	-0.198480139	0
50	-6	-0.30407879	-0.300051022	-0.333839301	-0.448349008	-0.387178896	-0.364982561	-0.194541969	-0.194541969	-0.113891377	0
50	-4	-0.185197119	-0.185071776	-0.178988551	-0.277550339	-0.224884802	-0.220871219	-0.148930631	-0.148930631	-0.08411178	0
50	-2	-0.117447659	-0.117806986	-0.083184336	-0.132087594	-0.100126689	-0.127485567	-0.113513186	-0.113513186	-0.061454911	0
50	0	-0.076978652	-0.077422402	-0.043587014	-0.05996837	-0.047542771	-0.076501933	-0.087069893	-0.087069893	-0.042856091	0
50	2	-0.05272582	-0.053539516	-0.023863085	-0.029488337	-0.02550256	-0.041732989	-0.066121904	-0.066121904	-0.028129016	0
50	4	-0.038137888	-0.036725273	-0.013402011	-0.011035674	-0.013193284	-0.01594408	-0.049728096	-0.049728096	-0.013814878	0
50	6	-0.027641661	-0.027145526	-0.006906923	0	-0.005229487	0	-0.036390482	-0.036390482	0	0
50	10	-0.01455931	-0.012942521	-0.000598492	0	0	0	-0.001100659	-0.001100659	0	0
50	15	-0.005647074	-0.004739691	0	0	0	0	0	0	0	0
50	20	-0.001784112	-0.00106177	0	0	0	0	0	0	0	0
55	-20	-1.572875744	-1.552197044	-1.647889998	-1.78132699	-1.712601688	-1.639577098	-1.040086029	-1.040086029	-0.71165001	0
55	-15	-1.088679937	-1.071173563	-1.166449012	-1.299051549	-1.230821055	-1.164426203	-0.619093716	-0.619093716	-0.335740725	0
55	-10	-0.621307403	-0.606446385	-0.689384416	-0.819032887	-0.752786332	-0.696400986	-0.296253898	-0.296253898	-0.160034656	0
55	-6	-0.294959771	-0.284464735	-0.322852954	-0.444992957	-0.383317983	-0.349954627	-0.161033182	-0.161033182	-0.090059494	0
55	-4	-0.173365274	-0.169531783	-0.160733253	-0.268202959	-0.213477322	-0.203105817	-0.121901718	-0.121901718	-0.066179316	0
55	-2	-0.105701215	-0.10433795	-0.064820898	-0.115231966	-0.082475233	-0.110657917	-0.094058345	-0.094058345	-0.046255642	0
55	0	-0.066406536	-0.065976913	-0.031872508	-0.045175155	-0.034799714	-0.066069367	-0.071261749	-0.071261749	-0.032077638	0
55	2	-0.04366158	-0.044346558	-0.017039959	-0.020953919	-0.017404088	-0.036823278	-0.052660256	-0.052660256	-0.01824557	0
55	4	-0.030921725	-0.028758463	-0.00893682	-0.006991638	-0.00887462	-0.013147015	-0.040331761	-0.040331761	-0.005301601	0
55	6	-0.022029131	-0.021650933	-0.004567218	0	-0.002940809	0	-0.0283593	-0.0283593	0	0
55	10	-0.011635931	-0.010229006	0	0	0	0	0	0	0	0
55	15	-0.004539302	-0.003826303	0	0	0	0	0	0	0	0
55	20	-0.001429578	-0.000841287	0	0	0	0	0	0	0	0
60	-20	-1.582544461	-1.550214939	-1.654359086	-1.791610643	-1.725019692	-1.62240306	-0.981793159	-0.981793159	-0.639119379	0
60	-15	-1.093755864	-1.065365499	-1.170073724	-1.306835517	-1.240545296	-1.152219953	-0.561221807	-0.561221807	-0.272117879	0
60	-10	-0.619447035	-0.594545422	-0.688082775	-0.823320964	-0.75814376	-0.686844773	-0.254068189	-0.254068189	-0.127153677	0
60	-6	-0.284868371	-0.267059376	-0.31246842	-0.442489436	-0.380337773	-0.334926692	-0.135037435	-0.135037435	-0.070563625	0
60	-4	-0.161260621	-0.153269386	-0.143949432	-0.260036048	-0.203581991	-0.185340414	-0.101205878	-0.101205878	-0.051290852	0
60	-2	-0.09442158	-0.091429051	-0.048486969	-0.100914805	-0.067247784	-0.093830266	-0.078008669	-0.078008669	-0.033934688	0
60	0	-0.057353354	-0.056199321	-0.021538642	-0.032772757	-0.024418803	-0.055636802	-0.058684551	-0.058684551	-0.022530131	0
60	2	-0.036584775	-0.03704529	-0.010967415	-0.013200802	-0.011086462	-0.031913567	-0.043160884	-0.043160884	-0.011201348	0
60	4	-0.025432478	-0.023479551	-0.005445266	-0.002892959	-0.005205482	-0.007346997	-0.033129429	-0.033129429	0	0
60	6	-0.017834484	-0.017605554	-0.002513985	0	-0.001349711	0	-0.02252306	-0.02252306	0	0
60	10	-0.009350369	-0.008435632	0	0	0	0	0	0	0	0
60	15	-0.003627371	-0.003398124	0	0	0	0	0	0	0	0
60	20	-0.001244184	-0.000629687	0	0	0	0	0	0	0	0
65	-20	-1.583097067	-1.53742526	-1.660188812	-1.802658349	-1.737405981	-1.605229023	-0.938716419	-0.938716419	-0.572179565	0
65	-15	-1.093351666	-1.051549455	-1.172711211	-1.314927749	-1.249911958	-1.140013703	-0.521534716	-0.521534716	-0.216135113	0
65	-10	-0.615635334	-0.578339015	-0.686019724	-0.827675872	-0.763227767	-0.67728856	-0.231937231	-0.231937231	-0.099892697	0
65	-6	-0.273667499	-0.247431376	-0.302706009	-0.440865454	-0.378267987	-0.319898758	-0.12202873	-0.12202873	-0.055224089	0
65	-4	-0.148549663	-0.136115665	-0.128684132	-0.253080973	-0.195246958	-0.167575012	-0.090639331	-0.090639331	-0.039901252	0
65	-2	-0.083487234	-0.079014969	-0.034239362	-0.089493458	-0.05449251	-0.077002615	-0.06721939	-0.06721939	-0.023832187	0
65	0	-0.049965829	-0.048210651	-0.012613752	-0.02295557	-0.016744118	-0.045204236	-0.050593301	-0.050593301	-0.012832082	0
65	2	-0.031823329	-0.031846005	-0.00564599	-0.00665005	-0.006629348	-0.027003856	-0.038447123	-0.038447123	0	0
65	4	-0.022026066	-0.021706474	-0.002930962	-0.000488001	-0.002392195	-0.000755002	-0.028470212	-0.028470212	0	0
65	6	-0.015378523	-0.015163337	-0.001057296	0	-0.000495064	0	-0.018585531	-0.018585531	0	0
65	10	-0.007920828	-0.008204365	0	0	0	0	0	0	0	0
65	15	-0.002994987	-0.003194534	0	0	0	0	0	0	0	0
65	20	-0.001208528	-0.000284551	0	0	0	0	0	0	0	0
70	-20	-1.580856748	-1.522830991	-1.656594496	-1.805121863	-1.741689872	-1.600539041	-0.868252228	-0.868252228	-0.4906463	0
70	-15	-1.090128707	-1.03541575	-1.167586142	-1.316000614	-1.252674649	-1.135040042	-0.463188477	-0.463188477	-0.148380648	0
70	-10	-0.607561524	-0.557846309	-0.678922687	-0.827091806	-0.763977944	-0.670815916	-0.206433761	-0.206433761	-0.069612265	0
70	-6	-0.259209138	-0.225313857	-0.292167364	-0.437689443	-0.375740887	-0.306981459	-0.110004539	-0.110004539	-0.039437281	0
70	-4	-0.134347059	-0.119023138	-0.115731047	-0.247182776	-0.189056087	-0.150337089	-0.082126149	-0.082126149	-0.029057096	0
70	-2	-0.072278144	-0.066816579	-0.026420555	-0.080892794	-0.046836333	-0.061381521	-0.060795176	-0.060795176	-0.015873161	0
70	0	-0.041616144	-0.039441875	-0.008967405	-0.017768538	-0.012704379	-0.03477167	-0.046007538	-0.046007538	0	0
70	2	-0.025442282	-0.025079603	-0.003834007	-0.00533068	-0.00482637	-0.023079026	-0.034518162	-0.034518162	0	0
70	4	-0.017112381	-0.016734069	-0.001848324	0	-0.001591529	0	-0.026889899	-0.026889899	0	0
70	6	-0.011740489	-0.011480396	-0.000654722	0	-0.00027996	0	-0.018392237	-0.018392237	0	0
70	10	-0.005607738	-0.006316299	0	0	0	0	0	0	0	0
70	15	-0.001795971	-0.001771607	0	0	0	0	0	0	0	0
70	20	-0.00061205	0	0	0	0	0	0	0	0	0
75	-20	-1.572864374	-1.501353108	-1.648684513	-1.804417298	-1.742552567	-1.61012334	-0.798433909	-0.798433909	-0.412015283	0
75	-15	-1.08291055	-1.013495635	-1.158666699	-1.314369133	-1.252568063	-1.139358642	-0.411248066	-0.411248066	-0.080071102	0
75	-10	-0.598936451	-0.534478578	-0.668762498	-0.824380658	-0.762712171	-0.669295203	-0.184146132	-0.184146132	-0.037507966	0
75	-6	-0.245886353	-0.202341857	-0.279555419	-0.433278234	-0.372529436	-0.297296363	-0.100222637	-0.100222637	-0.020896008	0
75	-4	-0.121502517	-0.102462985	-0.099857445	-0.240675651	-0.183654297	-0.133003721	-0.075165498	-0.075165498	-0.015127666	0
75	-2	-0.062803124	-0.056344947	-0.018869838	-0.069885009	-0.041380707	-0.044785902	-0.054488466	-0.054488466	0	0
75	0	-0.036052167	-0.033645229	-0.005953456	-0.012742683	-0.009724215	-0.023895181	-0.041144948	-0.041144948	0	0
75	2	-0.022724207	-0.021980325	-0.002396884	-0.003738935	-0.003440548	-0.016208722	-0.03038304	-0.03038304	0	0
75	4	-0.015589213	-0.015070701	-0.001013763	0	-0.000700922	0	-0.023439041	-0.023439041	0	0
75	6	-0.01084753	-0.01056256	-0.000157691	0	-0.000267235	0	-0.015754336	-0.015754336	0	0
75	10	-0.005152759	-0.004843395	0	0	0	0	0	0	0	0
75	15	-0.001602096	-0.001105236	0	0	0	0	0	0	0	0
75	20	-0.00057514	0	0	0	0	0	0	0	0	0
80	-20	-1.561880404	-1.477326268	-1.636873025	-1.800638488	-1.740397015	-1.64890686	-0.729997586	-0.729997586	-0.300271234	0
80	-15	-1.072809938	-0.989262478	-1.146373025	-1.310138488	-1.249897015	-1.164853494	-0.365608724	-0.365608724	0	0
80	-10	-0.588250284	-0.50920723	-0.655919188	-0.81964319	-0.759559643	-0.681029197	-0.164416476	-0.164416476	0	0
80	-6	-0.231494004	-0.17813121	-0.265182395	-0.42766611	-0.368500253	-0.295593776	-0.091370093	-0.091370093	0	0
80	-4	-0.10833183	-0.086042014	-0.081933417	-0.233561275	-0.17873088	-0.114160718	-0.06837811	-0.06837811	0	0
80	-2	-0.053711723	-0.046532837	-0.011793023	-0.057329297	-0.037640328	-0.021972034	-0.047611885	-0.047611885	0	0
80	0	-0.031047152	-0.028509792	-0.003497778	-0.008049346	-0.007591984	-0.01317497	-0.035441965	-0.035441965	0	0
80	2	-0.020543399	-0.019488297	-0.001288524	-0.002053546	-0.002388758	-0.005372288	-0.025626952	-0.025626952	0	0
80	4	-0.014546634	-0.013850062	-0.000424141	0	0	0	-0.017609832	-0.017609832	0	0
80	6	-0.010362597	-0.010022797	0	0	-0.00025451	0	-0.011378564	-0.011378564	0	0
80	10	-0.005077515	-0.003735942	0	0	0	0	0	0	0	0
80	15	-0.001661383	0	0	0	0	0	0	0	0	0
80	20	0	0	0	0	0	0	0	0	0	0
85	-20	-1.549519227	-1.453490989	-1.619929873	-1.793773425	-1.732927937	-1.655651135	-0.660892065	-0.660892065	-0.187144815	0
85	-15	-1.060317286	-0.964886381	-1.129429873	-1.303273425	-1.242427937	-1.168832837	-0.314100924	-0.314100924	0	0
85	-10	-0.574266416	-0.482518992	-0.63893862	-0.812773425	-0.752083611	-0.680673761	-0.139625348	-0.139625348	0	0
85	-6	-0.214411639	-0.152298998	-0.246976807	-0.420464704	-0.361173153	-0.286990706	-0.071572853	-0.071572853	0	0
85	-4	-0.093644281	-0.06950343	-0.058610359	-0.224868634	-0.172384565	-0.095317714	-0.052938506	-0.052938506	0	0
85	-2	-0.044110927	-0.036721856	-0.003931809	-0.040397362	-0.034373232	0	-0.037537963	-0.037537963	0	0
85	0	-0.02512158	-0.022552706	-0.000992641	-0.002691464	-0.00636923	-0.002970663	-0.027245842	-0.027245842	0	0
85	2	-0.016810151	-0.015674457	-0.000329752	-6.40388E-05	-0.001698124	0	-0.018694769	-0.018694769	0	0
85	4	-0.012043216	-0.011322555	-4.6337E-05	0	0	0	-0.012812634	-0.012812634	0	0
85	6	-0.008739298	-0.008436743	0	0	-0.000241784	0	-0.007663253	-0.007663253	0	0
85	10	-0.004523782	-0.002799735	0	0	0	0	0	0	0	0
85	15	-0.001610385	0	0	0	0	0	0	0	0	0
85	20	0	0	0	0	0	0	0	0	0	0
90	-20	-1.53235126	-1.423192354	-1.599601755	-1.786146653	-1.72545886	-1.632207716	-0.577438583	-0.577438583	-0.074018395	0
90	-15	-1.043020949	-0.93434964	-1.109101755	-1.295646653	-1.23495886	-1.152540054	-0.257866589	-0.257866589	0	0
90	-10	-0.55675144	-0.45215843	-0.618576918	-0.805146653	-0.744607579	-0.668927545	-0.112325313	-0.112325313	0	0
90	-6	-0.197296238	-0.130452513	-0.224982885	-0.412487481	-0.353846053	-0.271885932	-0.05468595	-0.05468595	0	0
90	-4	-0.081561358	-0.057172756	-0.028070405	-0.214889868	-0.16603825	-0.076474711	-0.039647209	-0.039647209	0	0
90	-2	-0.036927324	-0.029563934	0	-0.017082649	-0.031106136	0	-0.028686152	-0.028686152	0	0
90	0	-0.020680055	-0.018184509	0	0	-0.005146477	0	-0.020476979	-0.020476979	0	0
90	2	-0.013895425	-0.012964183	0	0	-0.000991714	0	-0.013522739	-0.013522739	0	0
90	4	-0.009996183	-0.009304362	0	0	0	0	-0.008391668	-0.008391668	0	0
90	6	-0.007250077	-0.006853149	0	0	-0.000229059	0	-0.003800698	-0.003800698	0	0
90	10	-0.003825273	-0.000518187	0	0	0	0	0	0	0	0
90	15	-0.001329472	0	0	0	0	0	0	0	0	0
90	20	0	0	0	0	0	0	0	0	0	0
95	-20	-1.513931939	-1.391211111	-1.579273637	-1.778519881	-1.7177598	-1.608764296	-0.488476512	-0.488476512	0	0
95	-15	-1.024474067	-0.902209095	-1.088773637	-1.288019881	-1.2272598	-1.13624727	-0.201554021	-0.201554021	0	0
95	-10	-0.538317208	-0.420841852	-0.598215217	-0.797519881	-0.73695887	-0.657181329	-0.085246212	-0.085246212	0	0
95	-6	-0.180172237	-0.109643611	-0.202988963	-0.404510259	-0.34641294	-0.256781158	-0.043663027	-0.043663027	0	0
95	-4	-0.070156498	-0.045937422	0	-0.204911102	-0.159812099	-0.057631707	-0.030144418	-0.030144418	0	0
95	-2	-0.030372954	-0.023087151	0	0	-0.02845353	0	-0.02211469	-0.02211469	0	0
95	0	-0.016624849	-0.014218687	0	0	-0.003918904	0	-0.015646393	-0.015646393	0	0
95	2	-0.011191685	-0.01052815	0	0	-0.000350938	0	-0.010417968	-0.010417968	0	0
95	4	-0.008066756	-0.007408938	0	0	0	0	-0.004829798	-0.004829798	0	0
95	6	-0.005795138	-0.005270102	0	0	-0.000216333	0	-0.000515291	-0.000515291	0	0
95	10	-0.00309176	0	0	0	0	0	0	0	0	0
95	15	-0.001013689	0	0	0	0	0	0	0	0	0
95	20	0	0	0	0	0	0	0	0	0	0
100	-20	-1.493209014	-1.355561556	-1.55894552	-1.770893109	-1.708429131	-1.585320876	-0.396842092	-0.396842092	0	0
100	-15	-1.003580562	-0.86636278	-1.06844552	-1.280393109	-1.217929131	-1.119954487	-0.147867229	-0.147867229	0	0
100	-10	-0.517600952	-0.386023329	-0.577853515	-0.789893109	-0.727563422	-0.645435113	-0.059928041	-0.059928041	0	0
100	-6	-0.162832076	-0.092174673	-0.180995041	-0.396533036	-0.337412398	-0.241676384	-0.031933529	-0.031933529	0	0
100	-4	-0.060714494	-0.037706255	0	-0.194932335	-0.152375993	-0.038788704	-0.020106916	-0.020106916	0	0
100	-2	-0.025728406	-0.018661852	0	0	-0.024650202	0	-0.014778623	-0.014778623	0	0
100	0	-0.013874334	-0.011425921	0	0	-0.003032509	0	-0.008711627	-0.008711627	0	0
100	2	-0.009211528	-0.008379628	0	0	-0.000154196	0	-0.004713538	-0.004713538	0	0
100	4	-0.006539179	-0.005749466	0	0	0	0	-0.001247522	-0.001247522	0	0
100	6	-0.004627529	-0.003984319	0	0	-0.000203608	0	0	0	0	0
100	10	-0.002457521	0	0	0	0	0	0	0	0	0
100	15	-0.00076491	0	0	0	0	0	0	0	0	0
100	20	0	0	0	0	0	0	0	0	0	0
105	-20	-1.470828084	-1.317271755	-1.538617402	-1.763266337	-1.698289384	-1.561877457	-0.301587675	-0.301587675	0	0
105	-15	-0.980998091	-0.82784926	-1.048117402	-1.272766337	-1.207789384	-1.103661704	-0.101265304	-0.101265304	0	0
105	-10	-0.495242221	-0.348684304	-0.557491813	-0.782266337	-0.717294902	-0.633688897	-0.037044479	-0.037044479	0	0
105	-6	-0.145336337	-0.077109616	-0.15900112	-0.388555814	-0.327624008	-0.22657161	-0.014426715	-0.014426715	0	0
105	-4	-0.052685243	-0.031636934	0	-0.184953569	-0.144313051	-0.0199457	-0.009460572	-0.009460572	0	0
105	-2	-0.022458386	-0.015697066	0	0	-0.020206011	0	-0.006042386	-0.006042386	0	0
105	0	-0.012062818	-0.009457485	0	0	-0.002309418	0	-0.001815996	-0.001815996	0	0
105	2	-0.007748579	-0.006746409	0	0	0	0	-0.000491832	-0.000491832	0	0
105	4	-0.005298654	-0.004411938	0	0	0	0	0	0	0	0
105	6	-0.003664273	-0.00281502	0	0	-0.000190882	0	0	0	0	0
105	10	-0.001993164	0	0	0	0	0	0	0	0	0
105	15	-0.000489499	0	0	0	0	0	0	0	0	0
105	20	0	0	0	0	0	0	0	0	0	0
110	-20	-1.448447153	-1.278981954	-1.518289284	-1.755639565	-1.688149638	-1.538434037	-0.205622227	-0.205622227	0	0
110	-15	-0.958415619	-0.78933574	-1.027789284	-1.265139565	-1.197649638	-1.087368921	-0.05606729	-0.05606729	0	0
110	-10	-0.47288349	-0.311345279	-0.537130112	-0.774639565	-0.707026383	-0.621942682	-0.014616736	-0.014616736	0	0
110	-6	-0.127840597	-0.062044559	-0.137007198	-0.380578591	-0.317835618	-0.211466836	-0.005543633	-0.005543633	0	0
110	-4	-0.044655992	-0.025567613	0	-0.174974803	-0.136250109	-0.001102697	-0.001780931	-0.001780931	0	0
110	-2	-0.019188366	-0.012732279	0	0	-0.01576182	0	-0.000639803	-0.000639803	0	0
110	0	-0.010251303	-0.007489049	0	0	-0.001586328	0	0	0	0	0
110	2	-0.00628563	-0.005113191	0	0	0	0	0	0	0	0
110	4	-0.004058129	-0.00307441	0	0	0	0	0	0	0	0
110	6	-0.002701017	-0.001763404	0	0	-0.000178157	0	0	0	0	0
110	10	-0.001528808	0	0	0	0	0	0	0	0	0
110	15	-0.000180626	0	0	0	0	0	0	0	0	0
110	20	0	0	0	0	0	0	0	0	0	0
115	-20	-1.425471585	-1.239638799	-1.497961166	-1.748012793	-1.678009891	-1.514990617	-0.123666957	-0.123666957	0	0
115	-15	-0.935299105	-0.749851749	-1.007461166	-1.257512793	-1.187509891	-1.071076138	-0.028673496	-0.028673496	0	0
115	-10	-0.450191249	-0.273666633	-0.51676841	-0.767012793	-0.696757863	-0.610196466	-0.005396488	-0.005396488	0	0
115	-6	-0.1105354	-0.048360205	-0.115013276	-0.372601369	-0.308047229	-0.196362062	0	0	0	0
115	-4	-0.037341397	-0.020573575	0	-0.164996036	-0.128187167	0	0	0	0	0
115	-2	-0.016596224	-0.010444204	0	0	-0.011317629	0	0	0	0	0
115	0	-0.008849321	-0.005930717	0	0	-0.000863237	0	0	0	0	0
115	2	-0.005128014	-0.003573143	0	0	0	0	0	0	0	0
115	4	-0.003087596	-0.001995458	0	0	0	0	0	0	0	0
115	6	-0.001933889	-0.000984641	0	0	-0.000165431	0	0	0	0	0
115	10	-0.001085857	0	0	0	0	0	0	0	0	0
115	15	0	0	0	0	0	0	0	0	0	0
115	20	0	0	0	0	0	0	0	0	0	0
120	-20	-1.402095926	-1.199586913	-1.477633048	-1.74038602	-1.667870145	-1.491547198	-0.054480949	-0.054480949	0	0
120	-15	-0.911823271	-0.709714794	-0.987133048	-1.24988602	-1.177370145	-1.054783355	-0.011486749	-0.011486749	0	0
120	-10	-0.427274611	-0.235759479	-0.496406708	-0.75938602	-0.686489343	-0.59845025	-0.001809915	-0.001809915	0	0
120	-6	-0.093358405	-0.035604589	-0.093019354	-0.364624146	-0.298258839	-0.181257288	0	0	0	0
120	-4	-0.030507646	-0.016302052	0	-0.15501727	-0.120124225	0	0	0	0	0
120	-2	-0.014460161	-0.008608381	0	0	-0.006873438	0	0	0	0	0
120	0	-0.007722778	-0.004640278	0	0	-0.000140147	0	0	0	0	0
120	2	-0.00417565	-0.002484433	0	0	0	0	0	0	0	0
120	4	-0.00229821	-0.001097297	0	0	0	0	0	0	0	0
120	6	-0.001297478	-0.000132244	0	0	-0.000152706	0	0	0	0	0
120	10	-0.000721858	0	0	0	0	0	0	0	0	0
120	15	0	0	0	0	0	0	0	0	0	0
120	20	0	0	0	0	0	0	0	0	0	0
125	-20	-1.376492376	-1.155695281	-1.457304931	-1.732759248	-1.657730398	-1.468103778	0	0	0	0
125	-15	-0.886241375	-0.665772958	-0.966804931	-1.242259248	-1.167230398	-1.038490572	0	0	0	0
125	-10	-0.402234978	-0.193273343	-0.476045006	-0.751759248	-0.676220824	-0.586704034	0	0	0	0
125	-6	-0.075961623	-0.027534311	-0.071025432	-0.356646924	-0.288470449	-0.166152514	0	0	0	0
125	-4	-0.025565193	-0.014319858	0	-0.145038504	-0.112061283	0	0	0	0	0
125	-2	-0.013343936	-0.008058156	0	0	-0.002429248	0	0	0	0	0
125	0	-0.007491602	-0.00415594	0	0	0	0	0	0	0	0
125	2	-0.003825667	-0.001425488	0	0	0	0	0	0	0	0
125	4	-0.001636299	-0.000307513	0	0	0	0	0	0	0	0
125	6	-0.000603505	0	0	0	-0.00013998	0	0	0	0	0
125	10	-0.000384082	0	0	0	0	0	0	0	0	0
125	15	0	0	0	0	0	0	0	0	0	0
125	20	0	0	0	0	0	0	0	0	0	0
130	-20	-1.350651181	-1.111394069	-1.436976813	-1.725132476	-1.647590652	-1.444660358	0	0	0	0
130	-15	-0.860434829	-0.621425261	-0.946476813	-1.234632476	-1.157090652	-1.022197789	0	0	0	0
130	-10	-0.376968887	-0.150298772	-0.455683305	-0.744132476	-0.665952304	-0.574957818	0	0	0	0
130	-6	-0.058541395	-0.019963271	-0.04903151	-0.348669701	-0.278682059	-0.15104774	0	0	0	0
130	-4	-0.020824481	-0.012580535	0	-0.135059737	-0.103998341	0	0	0	0	0
130	-2	-0.012336476	-0.007642572	0	0	0	0	0	0	0	0
130	0	-0.007355778	-0.00375104	0	0	0	0	0	0	0	0
130	2	-0.003539734	-0.000451088	0	0	0	0	0	0	0	0
130	4	-0.000987843	0	0	0	0	0	0	0	0	0
130	6	0	0	0	0	-0.000127255	0	0	0	0	0
130	10	-0.00010156	0	0	0	0	0	0	0	0	0
130	15	0	0	0	0	0	0	0	0	0	0
130	20	0	0	0	0	0	0	0	0	0	0
135	-20	-1.324809985	-1.067092857	-1.416648695	-1.717505704	-1.637450905	-1.421216939	0	0	0	0
135	-15	-0.834628283	-0.577077563	-0.926148695	-1.227005704	-1.146950905	-1.005905006	0	0	0	0
135	-10	-0.351702797	-0.107324202	-0.435321603	-0.736505704	-0.655683785	-0.563211602	0	0	0	0
135	-6	-0.041121168	-0.012392231	-0.027037588	-0.340692479	-0.26889367	-0.135942966	0	0	0	0
135	-4	-0.016083769	-0.010841213	0	-0.125080971	-0.095935399	0	0	0	0	0
135	-2	-0.011329016	-0.007226988	0	0	0	0	0	0	0	0
135	0	-0.007219953	-0.00334614	0	0	0	0	0	0	0	0
135	2	-0.003253801	0	0	0	0	0	0	0	0	0
135	4	-0.000339387	0	0	0	0	0	0	0	0	0
135	6	0	0	0	0	-0.000114529	0	0	0	0	0
135	10	0	0	0	0	0	0	0	0	0	0
135	15	0	0	0	0	0	0	0	0	0	0
135	20	0	0	0	0	0	0	0	0	0	0
140	-20	-1.29896879	-1.022791645	-1.396320577	-1.709878932	-1.627311159	-1.397773519	0	0	0	0
140	-15	-0.808821737	-0.532729866	-0.905820577	-1.219378932	-1.136811159	-0.989612223	0	0	0	0
140	-10	-0.326436707	-0.064349632	-0.414959901	-0.728878932	-0.645415265	-0.551465386	0	0	0	0
140	-6	-0.023700941	-0.004821192	-0.005043666	-0.332715256	-0.25910528	-0.120838192	0	0	0	0
140	-4	-0.011343057	-0.00910189	0	-0.115102204	-0.087872457	0	0	0	0	0
140	-2	-0.010321556	-0.006811404	0	0	0	0	0	0	0	0
140	0	-0.007084129	-0.00294124	0	0	0	0	0	0	0	0
140	2	-0.002967868	0	0	0	0	0	0	0	0	0
140	4	0	0	0	0	0	0	0	0	0	0
140	6	0	0	0	0	-0.000101804	0	0	0	0	0
140	10	0	0	0	0	0	0	0	0	0	0
140	15	0	0	0	0	0	0	0	0	0	0
140	20	0	0	0	0	0	0	0	0	0	0
145	-20	-1.273127595	-0.978490434	-1.37599246	-1.70225216	-1.617171412	-1.374330099	0	0	0	0
145	-15	-0.783015191	-0.488382169	-0.88549246	-1.21175216	-1.126671412	-0.97331944	0	0	0	0
145	-10	-0.301170616	-0.021375062	-0.3945982	-0.72125216	-0.635146745	-0.53971917	0	0	0	0
145	-6	-0.006280714	0	0	-0.324738034	-0.24931689	-0.105733418	0	0	0	0
145	-4	-0.006602345	-0.007362568	0	-0.105123438	-0.079809515	0	0	0	0	0
145	-2	-0.009314096	-0.00639582	0	0	0	0	0	0	0	0
145	0	-0.006948305	-0.00253634	0	0	0	0	0	0	0	0
145	2	-0.002681935	0	0	0	0	0	0	0	0	0
145	4	0	0	0	0	0	0	0	0	0	0
145	6	0	0	0	0	-8.90783E-05	0	0	0	0	0
145	10	0	0	0	0	0	0	0	0	0	0
145	15	0	0	0	0	0	0	0	0	0	0
145	20	0	0	0	0	0	0	0	0	0	0
150	-20	-1.247286399	-0.934189222	-1.355664342	-1.694625388	-1.607031666	-1.350886679	0	0	0	0
150	-15	-0.757208645	-0.444034472	-0.865164342	-1.204125388	-1.116531666	-0.957026657	0	0	0	0
150	-10	-0.275904526	0	-0.374236498	-0.713625388	-0.624878226	-0.527972954	0	0	0	0
150	-6	0	0	0	-0.316760811	-0.2395285	-0.090628644	0	0	0	0
150	-4	-0.001861633	-0.005623246	0	-0.095144672	-0.071746573	0	0	0	0	0
150	-2	-0.008306636	-0.005980236	0	0	0	0	0	0	0	0
150	0	-0.006812481	-0.00213144	0	0	0	0	0	0	0	0
150	2	-0.002396002	0	0	0	0	0	0	0	0	0
150	4	0	0	0	0	0	0	0	0	0	0
150	6	0	0	0	0	-7.63529E-05	0	0	0	0	0
150	10	0	0	0	0	0	0	0	0	0	0
150	15	0	0	0	0	0	0	0	0	0	0
150	20	0	0	0	0	0	0	0	0	0	0
155	-20	-1.221445204	-0.88988801	-1.335336224	-1.686998616	-1.59689192	-1.32744326	0	0	0	0
155	-15	-0.731402099	-0.399686775	-0.844836224	-1.196498616	-1.10639192	-0.940733874	0	0	0	0
155	-10	-0.250638436	0	-0.353874796	-0.705998616	-0.614609706	-0.516226738	0	0	0	0
155	-6	0	0	0	-0.308783589	-0.22974011	-0.07552387	0	0	0	0
155	-4	0	-0.003883923	0	-0.085165905	-0.063683631	0	0	0	0	0
155	-2	-0.007299176	-0.005564651	0	0	0	0	0	0	0	0
155	0	-0.006676656	-0.00172654	0	0	0	0	0	0	0	0
155	2	-0.002110069	0	0	0	0	0	0	0	0	0
155	4	0	0	0	0	0	0	0	0	0	0
155	6	0	0	0	0	-6.36274E-05	0	0	0	0	0
155	10	0	0	0	0	0	0	0	0	0	0
155	15	0	0	0	0	0	0	0	0	0	0
155	20	0	0	0	0	0	0	0	0	0	0
160	-20	-1.195604008	-0.845586798	-1.315008106	-1.679371844	-1.586752173	-1.30399984	0	0	0	0
160	-15	-0.705595554	-0.355339078	-0.824508106	-1.188871844	-1.096252173	-0.924441091	0	0	0	0
160	-10	-0.225372345	0	-0.333513095	-0.698371844	-0.604341187	-0.504480522	0	0	0	0
160	-6	0	0	0	-0.300806366	-0.219951721	-0.060419096	0	0	0	0
160	-4	0	-0.002144601	0	-0.075187139	-0.055620689	0	0	0	0	0
160	-2	-0.006291716	-0.005149067	0	0	0	0	0	0	0	0
160	0	-0.006540832	-0.00132164	0	0	0	0	0	0	0	0
160	2	-0.001824135	0	0	0	0	0	0	0	0	0
160	4	0	0	0	0	0	0	0	0	0	0
160	6	0	0	0	0	-5.09019E-05	0	0	0	0	0
160	10	0	0	0	0	0	0	0	0	0	0
160	15	0	0	0	0	0	0	0	0	0	0
160	20	0	0	0	0	0	0	0	0	0	0
165	-20	-1.169762813	-0.801285586	-1.294679989	-1.671745072	-1.576612427	-1.28055642	0	0	0	0
165	-15	-0.679789008	-0.31099138	-0.804179989	-1.181245072	-1.086112427	-0.908148308	0	0	0	0
165	-10	-0.200106255	0	-0.313151393	-0.690745072	-0.594072667	-0.492734306	0	0	0	0
165	-6	0	0	0	-0.292829144	-0.210163331	-0.045314322	0	0	0	0
165	-4	0	-0.000405279	0	-0.065208373	-0.047557747	0	0	0	0	0
165	-2	-0.005284256	-0.004733483	0	0	0	0	0	0	0	0
165	0	-0.006405008	-0.00091674	0	0	0	0	0	0	0	0
165	2	-0.001538202	0	0	0	0	0	0	0	0	0
165	4	0	0	0	0	0	0	0	0	0	0
165	6	0	0	0	0	-3.81764E-05	0	0	0	0	0
165	10	0	0	0	0	0	0	0	0	0	0
165	15	0	0	0	0	0	0	0	0	0	0
165	20	0	0	0	0	0	0	0	0	0	0
170	-20	-1.143921618	-0.756984374	-1.274351871	-1.6641183	-1.56647268	-1.257113001	0	0	0	0
170	-15	-0.653982462	-0.266643683	-0.783851871	-1.1736183	-1.07597268	-0.891855525	0	0	0	0
170	-10	-0.174840165	0	-0.292789691	-0.6831183	-0.583804147	-0.48098809	0	0	0	0
170	-6	0	0	0	-0.284851921	-0.200374941	-0.030209548	0	0	0	0
170	-4	0	0	0	-0.055229606	-0.039494805	0	0	0	0	0
170	-2	-0.004276796	-0.004317899	0	0	0	0	0	0	0	0
170	0	-0.006269184	-0.00051184	0	0	0	0	0	0	0	0
170	2	-0.001252269	0	0	0	0	0	0	0	0	0
170	4	0	0	0	0	0	0	0	0	0	0
170	6	0	0	0	0	-2.5451E-05	0	0	0	0	0
170	10	0	0	0	0	0	0	0	0	0	0
170	15	0	0	0	0	0	0	0	0	0	0
170	20	0	0	0	0	0	0	0	0	0	0
175	-20	-1.118080422	-0.712683162	-1.254023753	-1.656491528	-1.556332934	-1.233669581	0	0	0	0
175	-15	-0.628175916	-0.222295986	-0.763523753	-1.165991528	-1.065832934	-0.875562742	0	0	0	0
175	-10	-0.149574074	0	-0.272427989	-0.675491528	-0.573535628	-0.469241875	0	0	0	0
175	-6	0	0	0	-0.276874699	-0.190586551	-0.015104774	0	0	0	0
175	-4	0	0	0	-0.04525084	-0.031431863	0	0	0	0	0
175	-2	-0.003269337	-0.003902315	0	0	0	0	0	0	0	0
175	0	-0.006133359	-0.00010694	0	0	0	0	0	0	0	0
175	2	-0.000966336	0	0	0	0	0	0	0	0	0
175	4	0	0	0	0	0	0	0	0	0	0
175	6	0	0	0	0	-1.27255E-05	0	0	0	0	0
175	10	0	0	0	0	0	0	0	0	0	0
175	15	0	0	0	0	0	0	0	0	0	0
175	20	0	0	0	0	0	0	0	0	0	0
180	-20	-1.092239227	-0.66838195	-1.233695635	-1.648864756	-1.546193187	-1.210226161	0	0	0	0
180	-15	-0.60236937	-0.177948289	-0.743195635	-1.158364756	-1.055693187	-0.859269959	0	0	0	0
180	-10	-0.124307984	0	-0.252066288	-0.667864756	-0.563267108	-0.457495659	0	0	0	0
180	-6	0	0	0	-0.268897476	-0.180798162	0	0	0	0	0
180	-4	0	0	0	-0.035272074	-0.023368921	0	0	0	0	0
180	-2	-0.002261877	-0.003486731	0	0	0	0	0	0	0	0
180	0	-0.005997535	0	0	0	0	0	0	0	0	0
180	2	-0.000680403	0	0	0	0	0	0	0	0	0
180	4	0	0	0	0	0	0	0	0	0	0
180	6	0	0	0	0	0	0	0	0	0	0
180	10	0	0	0	0	0	0	0	0	0	0
180	15	0	0	0	0	0	0	0	0	0	0
180	20	0	0	0	0	0	0	0	0	0	0
185	-20	-1.092239227	-0.66838195	-1.233695635	-1.648864756	-1.546193187	-1.210226161	0	0	0	0
185	-15	-0.60236937	-0.177948289	-0.743195635	-1.158364756	-1.055693187	-0.859269959	0	0	0	0
185	-10	-0.124307984	0	-0.252066288	-0.667864756	-0.563267108	-0.457495659	0	0	0	0
185	-6	0	0	0	-0.268897476	-0.180798162	0	0	0	0	0
185	-4	0	0	0	-0.035272074	-0.023368921	0	0	0	0	0
185	-2	-0.002261877	-0.003486731	0	0	0	0	0	0	0	0
185	0	-0.005997535	0	0	0	0	0	0	0	0	0
185	2	-0.000680403	0	0	0	0	0	0	0	0	0
185	4	0	0	0	0	0	0	0	0	0	0
185	6	0	0	0	0	0	0	0	0	0	0
185	10	0	0	0	0	0	0	0	0	0	0
185	15	0	0	0	0	0	0	0	0	0	0
185	20	0	0	0	0	0	0	0	0	0	0
190	-20	-1.092239227	-0.66838195	-1.233695635	-1.648864756	-1.546193187	-1.210226161	0	0	0	0
190	-15	-0.60236937	-0.177948289	-0.743195635	-1.158364756	-1.055693187	-0.859269959	0	0	0	0
190	-10	-0.124307984	0	-0.252066288	-0.667864756	-0.563267108	-0.457495659	0	0	0	0
190	-6	0	0	0	-0.268897476	-0.180798162	0	0	0	0	0
190	-4	0	0	0	-0.035272074	-0.023368921	0	0	0	0	0
190	-2	-0.002261877	-0.003486731	0	0	0	0	0	0	0	0
190	0	-0.005997535	0	0	0	0	0	0	0	0	0
190	2	-0.000680403	0	0	0	0	0	0	0	0	0
190	4	0	0	0	0	0	0	0	0	0	0
190	6	0	0	0	0	0	0	0	0	0	0
190	10	0	0	0	0	0	0	0	0	0	0
190	15	0	0	0	0	0	0	0	0	0	0
190	20	0	0	0	0	0	0	0	0	0	0
195	-20	-1.092239227	-0.66838195	-1.233695635	-1.648864756	-1.546193187	-1.210226161	0	0	0	0
195	-15	-0.60236937	-0.177948289	-0.743195635	-1.158364756	-1.055693187	-0.859269959	0	0	0	0
195	-10	-0.124307984	0	-0.252066288	-0.667864756	-0.563267108	-0.457495659	0	0	0	0
195	-6	0	0	0	-0.268897476	-0.180798162	0	0	0	0	0
195	-4	0	0	0	-0.035272074	-0.023368921	0	0	0	0	0
195	-2	-0.002261877	-0.003486731	0	0	0	0	0	0	0	0
195	0	-0.005997535	0	0	0	0	0	0	0	0	0
195	2	-0.000680403	0	0	0	0	0	0	0	0	0
195	4	0	0	0	0	0	0	0	0	0	0
195	6	0	0	0	0	0	0	0	0	0	0
195	10	0	0	0	0	0	0	0	0	0	0
195	15	0	0	0	0	0	0	0	0	0	0
195	20	0	0	0	0	0	0	0	0	0	0
200	-20	-1.092239227	-0.66838195	-1.233695635	-1.648864756	-1.546193187	-1.210226161	0	0	0	0
200	-15	-0.60236937	-0.177948289	-0.743195635	-1.158364756	-1.055693187	-0.859269959	0	0	0	0
200	-10	-0.124307984	0	-0.252066288	-0.667864756	-0.563267108	-0.457495659	0	0	0	0
200	-6	0	0	0	-0.268897476	-0.180798162	0	0	0	0	0
200	-4	0	0	0	-0.035272074	-0.023368921	0	0	0	0	0
200	-2	-0.002261877	-0.003486731	0	0	0	0	0	0	0	0
200	0	-0.005997535	0	0	0	0	0	0	0	0	0
200	2	-0.000680403	0	0	0	0	0	0	0	0	0
200	4	0	0	0	0	0	0	0	0	0	0
200	6	0	0	0	0	0	0	0	0	0	0
200	10	0	0	0	0	0	0	0	0	0	0
200	15	0	0	0	0	0	0	0	0	0	0
200	20	0	0	0	0	0	0	0	0	0	0
205	-20	-1.092239227	-0.66838195	-1.233695635	-1.648864756	-1.546193187	-1.210226161	0	0	0	0
205	-15	-0.60236937	-0.177948289	-0.743195635	-1.158364756	-1.055693187	-0.859269959	0	0	0	0
205	-10	-0.124307984	0	-0.252066288	-0.667864756	-0.563267108	-0.457495659	0	0	0	0
205	-6	0	0	0	-0.268897476	-0.180798162	0	0	0	0	0
205	-4	0	0	0	-0.035272074	-0.023368921	0	0	0	0	0
205	-2	-0.002261877	-0.003486731	0	0	0	0	0	0	0	0
205	0	-0.005997535	0	0	0	0	0	0	0	0	0
205	2	-0.000680403	0	0	0	0	0	0	0	0	0
205	4	0	0	0	0	0	0	0	0	0	0
205	6	0	0	0	0	0	0	0	0	0	0
205	10	0	0	0	0	0	0	0	0	0	0
205	15	0	0	0	0	0	0	0	0	0	0
205	20	0	0	0	0	0	0	0	0	0	0
