Kürzel Verkehrs-situation	ID Verkehrs-situation	Steigung [%]	Strassentyp [#]	v_mittel PKW [km/h]	v_mittel LNF [km/h]	v_mittel Solo LKW [km/h]	v_mittel Last- und Sattelzug [km/h]	v_mittel Reisebus [km/h]	v_mittel Linienbus [km/h]	v_mittel Motorrad (2T) [km/h]	v_mittel Motorrad (4T) [km/h]	v_mittel Kleinkraftrad [km/h]
Dummy	1.00	-10	1	53.10	53.10	40.99	40.99	40.99	24.59	52.50	52.50	50.00
Dummy	1.00	-6	1	53.10	53.10	40.99	40.99	40.99	24.59	52.50	52.50	50.00
Dummy	1.00	-4	1	53.10	53.10	47.02	47.02	47.02	27.31	52.50	52.50	50.00
Dummy	1.00	-2	1	53.10	53.10	47.02	47.02	47.02	27.31	52.50	52.50	50.00
Dummy	1.00	0	1	53.10	53.10	47.02	47.02	47.02	27.29	52.50	52.50	50.00
Dummy	1.00	2	1	53.10	53.10	46.96	46.96	47.02	27.24	52.50	52.50	50.00
Dummy	1.00	4	1	53.10	53.10	46.45	46.45	47.00	27.02	52.50	52.50	50.00
Dummy	1.00	6	1	53.10	53.10	44.56	44.56	46.67	23.05	52.50	52.50	50.00
Dummy	1.00	10	1	53.10	53.10	44.56	44.56	46.67	23.05	52.50	52.50	50.00
IO_HVS1	1.01	-10	1	53.10	53.10	40.99	40.99	40.99	24.59	52.50	52.50	50.00
IO_HVS1	1.01	-6	1	53.10	53.10	40.99	40.99	40.99	24.59	52.50	52.50	50.00
IO_HVS1	1.01	-4	1	53.10	53.10	47.02	47.02	47.02	27.31	52.50	52.50	50.00
IO_HVS1	1.01	-2	1	53.10	53.10	47.02	47.02	47.02	27.31	52.50	52.50	50.00
IO_HVS1	1.01	0	1	53.10	53.10	47.02	47.02	47.02	27.29	52.50	52.50	50.00
IO_HVS1	1.01	2	1	53.10	53.10	46.96	46.96	47.02	27.24	52.50	52.50	50.00
IO_HVS1	1.01	4	1	53.10	53.10	46.45	46.45	47.00	27.02	52.50	52.50	50.00
IO_HVS1	1.01	6	1	53.10	53.10	44.56	44.56	46.67	23.05	52.50	52.50	50.00
IO_HVS1	1.01	10	1	53.10	53.10	44.56	44.56	46.67	23.05	52.50	52.50	50.00
IO_HVS2	1.02	-10	1	42.10	42.10	28.37	28.37	32.40	21.43	41.50	41.50	41.50
IO_HVS2	1.02	-6	1	42.10	42.10	28.37	28.37	32.40	21.43	41.50	41.50	41.50
IO_HVS2	1.02	-4	1	42.10	42.10	33.36	33.36	37.68	21.42	41.50	41.50	41.50
IO_HVS2	1.02	-2	1	42.10	42.10	33.36	33.36	37.68	21.41	41.50	41.50	41.50
IO_HVS2	1.02	0	1	42.10	42.10	33.36	33.36	37.68	21.40	41.50	41.50	41.50
IO_HVS2	1.02	2	1	42.10	42.10	33.32	33.32	37.68	21.36	41.50	41.50	41.50
IO_HVS2	1.02	4	1	42.10	42.10	33.04	33.04	37.66	21.22	41.50	41.50	41.50
IO_HVS2	1.02	6	1	42.10	42.10	32.00	32.00	37.43	20.86	41.50	41.50	41.50
IO_HVS2	1.02	10	1	42.10	42.10	32.00	32.00	37.43	20.86	41.50	41.50	41.50
IO_LSA1	1.03	-10	1	34.00	34.00	22.06	22.06	25.38	21.43	36.38	36.38	36.38
IO_LSA1	1.03	-6	1	34.00	34.00	22.06	22.06	25.38	21.43	36.38	36.38	36.38
IO_LSA1	1.03	-4	1	34.00	34.00	26.53	26.53	30.04	21.42	36.38	36.38	36.38
IO_LSA1	1.03	-2	1	34.00	34.00	26.53	26.53	30.04	21.41	36.38	36.38	36.38
IO_LSA1	1.03	0	1	34.00	34.00	26.53	26.53	30.04	21.40	36.38	36.38	36.38
IO_LSA1	1.03	2	1	34.00	34.00	26.50	26.50	30.04	21.36	36.38	36.38	36.38
IO_LSA1	1.03	4	1	34.00	34.00	26.33	26.33	30.03	21.22	36.38	36.38	36.38
IO_LSA1	1.03	6	1	34.00	34.00	25.72	25.72	29.87	20.86	36.38	36.38	36.38
IO_LSA1	1.03	10	1	34.00	34.00	25.72	25.72	29.87	20.86	36.38	36.38	36.38
IO_HVS3	1.04	-10	1	31.10	31.10	18.91	18.91	23.56	18.53	31.12	31.12	31.12
IO_HVS3	1.04	-6	1	31.10	31.10	18.91	18.91	23.56	18.53	31.12	31.12	31.12
IO_HVS3	1.04	-4	1	31.10	31.10	23.11	23.11	28.06	18.53	31.12	31.12	31.12
IO_HVS3	1.04	-2	1	31.10	31.10	23.11	23.11	28.06	18.52	31.12	31.12	31.12
IO_HVS3	1.04	0	1	31.10	31.10	23.11	23.11	28.06	18.51	31.12	31.12	31.12
IO_HVS3	1.04	2	1	31.10	31.10	23.09	23.09	28.06	18.48	31.12	31.12	31.12
IO_HVS3	1.04	4	1	31.10	31.10	22.98	22.98	28.05	18.38	31.12	31.12	31.12
IO_HVS3	1.04	6	1	31.10	31.10	22.58	22.58	27.91	18.11	31.12	31.12	31.12
IO_HVS3	1.04	10	1	31.10	31.10	22.58	22.58	27.91	18.11	31.12	31.12	31.12
IO_Nebenstr_locker	1.05	-10	1	31.10	31.10	13.81	13.81	14.97	15.63	33.75	33.75	33.75
IO_Nebenstr_locker	1.05	-6	1	31.10	31.10	13.81	13.81	14.97	15.63	33.75	33.75	33.75
IO_Nebenstr_locker	1.05	-4	1	31.10	31.10	17.26	17.26	18.71	15.63	33.75	33.75	33.75
IO_Nebenstr_locker	1.05	-2	1	31.10	31.10	17.26	17.26	18.71	15.63	33.75	33.75	33.75
IO_Nebenstr_locker	1.05	0	1	31.10	31.10	17.25	17.25	18.71	15.63	33.75	33.75	33.75
IO_Nebenstr_locker	1.05	2	1	31.10	31.10	17.25	17.25	18.71	15.61	33.75	33.75	33.75
IO_Nebenstr_locker	1.05	4	1	31.10	31.10	17.21	17.21	18.71	15.55	33.75	33.75	33.75
IO_Nebenstr_locker	1.05	6	1	31.10	31.10	17.07	17.07	18.67	15.36	33.75	33.75	33.75
IO_Nebenstr_locker	1.05	10	1	31.10	31.10	17.07	17.07	18.67	15.36	33.75	33.75	33.75
IO_LSA2	1.06	-10	1	27.67	27.67	14.78	14.78	18.22	18.53	31.12	31.12	31.12
IO_LSA2	1.06	-6	1	27.67	27.67	14.78	14.78	18.22	18.53	31.12	31.12	31.12
IO_LSA2	1.06	-4	1	27.67	27.67	18.48	18.48	22.25	18.53	31.12	31.12	31.12
IO_LSA2	1.06	-2	1	27.67	27.67	18.48	18.48	22.25	18.52	31.12	31.12	31.12
IO_LSA2	1.06	0	1	27.67	27.67	18.47	18.47	22.25	18.51	31.12	31.12	31.12
IO_LSA2	1.06	2	1	27.67	27.67	18.46	18.46	22.25	18.48	31.12	31.12	31.12
IO_LSA2	1.06	4	1	27.67	27.67	18.41	18.41	22.25	18.38	31.12	31.12	31.12
IO_LSA2	1.06	6	1	27.67	27.67	18.25	18.25	22.17	18.11	31.12	31.12	31.12
IO_LSA2	1.06	10	1	27.67	27.67	18.25	18.25	22.17	18.11	31.12	31.12	31.12
IO_LSA3	1.07	-10	1	24.13	24.13	14.47	14.47	14.97	15.63	24.25	24.25	24.25
IO_LSA3	1.07	-6	1	24.13	24.13	14.47	14.47	14.97	15.63	24.25	24.25	24.25
IO_LSA3	1.07	-4	1	24.13	24.13	18.09	18.09	18.71	15.63	24.25	24.25	24.25
IO_LSA3	1.07	-2	1	24.13	24.13	18.08	18.08	18.71	15.63	24.25	24.25	24.25
IO_LSA3	1.07	0	1	24.13	24.13	18.08	18.08	18.71	15.63	24.25	24.25	24.25
IO_LSA3	1.07	2	1	24.13	24.13	18.07	18.07	18.71	15.61	24.25	24.25	24.25
IO_LSA3	1.07	4	1	24.13	24.13	18.03	18.03	18.71	15.55	24.25	24.25	24.25
IO_LSA3	1.07	6	1	24.13	24.13	17.87	17.87	18.67	15.36	24.25	24.25	24.25
IO_LSA3	1.07	10	1	24.13	24.13	17.87	17.87	18.67	15.36	24.25	24.25	24.25
IO_Kern	1.08	-10	1	20.70	20.70	11.86	11.86	13.24	13.08	22.50	22.50	22.50
IO_Kern	1.08	-6	1	20.70	20.70	11.86	11.86	13.24	13.08	22.50	22.50	22.50
IO_Kern	1.08	-4	1	20.70	20.70	14.82	14.82	16.54	13.08	22.50	22.50	22.50
IO_Kern	1.08	-2	1	20.70	20.70	14.82	14.82	16.54	13.08	22.50	22.50	22.50
IO_Kern	1.08	0	1	20.70	20.70	14.82	14.82	16.54	13.08	22.50	22.50	22.50
IO_Kern	1.08	2	1	20.70	20.70	14.81	14.81	16.54	13.07	22.50	22.50	22.50
IO_Kern	1.08	4	1	20.70	20.70	14.79	14.79	16.54	13.03	22.50	22.50	22.50
IO_Kern	1.08	6	1	20.70	20.70	14.70	14.70	16.52	12.91	22.50	22.50	22.50
IO_Kern	1.08	10	1	20.70	20.70	14.70	14.70	16.52	12.91	22.50	22.50	22.50
IO_Nebenstr_dicht	1.09	-10	1	20.55	20.55	11.86	11.86	13.24	13.08	22.50	22.50	22.50
IO_Nebenstr_dicht	1.09	-6	1	20.55	20.55	11.86	11.86	13.24	13.08	22.50	22.50	22.50
IO_Nebenstr_dicht	1.09	-4	1	20.55	20.55	14.82	14.82	16.54	13.08	22.50	22.50	22.50
IO_Nebenstr_dicht	1.09	-2	1	20.55	20.55	14.82	14.82	16.54	13.08	22.50	22.50	22.50
IO_Nebenstr_dicht	1.09	0	1	20.55	20.55	14.82	14.82	16.54	13.08	22.50	22.50	22.50
IO_Nebenstr_dicht	1.09	2	1	20.55	20.55	14.81	14.81	16.54	13.07	22.50	22.50	22.50
IO_Nebenstr_dicht	1.09	4	1	20.55	20.55	14.79	14.79	16.54	13.03	22.50	22.50	22.50
IO_Nebenstr_dicht	1.09	6	1	20.55	20.55	14.70	14.70	16.52	12.91	22.50	22.50	22.50
IO_Nebenstr_dicht	1.09	10	1	20.55	20.55	14.70	14.70	16.52	12.91	22.50	22.50	22.50
IO_Stop+Go	1.10	-10	1	5.00	5.00	5.00	5.00	5.00	5.00	19.00	19.00	19.00
IO_Stop+Go	1.10	-6	1	5.00	5.00	5.00	5.00	5.00	5.00	19.00	19.00	19.00
IO_Stop+Go	1.10	-4	1	5.00	5.00	5.00	5.00	5.00	5.00	19.00	19.00	19.00
IO_Stop+Go	1.10	-2	1	5.00	5.00	5.00	5.00	5.00	5.00	19.00	19.00	19.00
IO_Stop+Go	1.10	0	1	5.00	5.00	5.00	5.00	5.00	5.00	19.00	19.00	19.00
IO_Stop+Go	1.10	2	1	5.00	5.00	5.00	5.00	5.00	5.00	19.00	19.00	19.00
IO_Stop+Go	1.10	4	1	5.00	5.00	5.00	5.00	5.00	5.00	19.00	19.00	19.00
IO_Stop+Go	1.10	6	1	5.00	5.00	5.00	5.00	5.00	5.00	19.00	19.00	19.00
IO_Stop+Go	1.10	10	1	5.00	5.00	5.00	5.00	5.00	5.00	19.00	19.00	19.00
Dummy	1.11	-10	1	5.00	5.00	5.00	5.00	5.00	5.00	19.00	19.00	19.00
Dummy	1.11	-6	1	5.00	5.00	5.00	5.00	5.00	5.00	19.00	19.00	19.00
Dummy	1.11	-4	1	5.00	5.00	5.00	5.00	5.00	5.00	19.00	19.00	19.00
Dummy	1.11	-2	1	5.00	5.00	5.00	5.00	5.00	5.00	19.00	19.00	19.00
Dummy	1.11	0	1	5.00	5.00	5.00	5.00	5.00	5.00	19.00	19.00	19.00
Dummy	1.11	2	1	5.00	5.00	5.00	5.00	5.00	5.00	19.00	19.00	19.00
Dummy	1.11	4	1	5.00	5.00	5.00	5.00	5.00	5.00	19.00	19.00	19.00
Dummy	1.11	6	1	5.00	5.00	5.00	5.00	5.00	5.00	19.00	19.00	19.00
Dummy	1.11	10	1	5.00	5.00	5.00	5.00	5.00	5.00	19.00	19.00	19.00
Dummy	2.00	-10	2	60.90	60.90	58.14	58.14	61.37	31.03	79.80	79.80	50.00
Dummy	2.00	-6	2	60.90	60.90	58.14	58.14	61.37	31.03	79.80	79.80	50.00
Dummy	2.00	-4	2	60.90	60.90	72.67	72.67	76.71	39.27	79.80	79.80	50.00
Dummy	2.00	-2	2	77.00	77.00	72.67	72.67	76.71	39.27	79.80	79.80	50.00
Dummy	2.00	0	2	77.00	77.00	72.66	72.66	76.71	39.27	79.80	79.80	50.00
Dummy	2.00	2	2	77.00	77.00	72.33	72.33	76.59	39.20	79.80	79.80	50.00
Dummy	2.00	4	2	59.80	59.80	60.19	60.19	61.08	38.78	79.80	79.80	50.00
Dummy	2.00	6	2	59.80	59.80	52.77	52.77	53.93	27.50	79.80	79.80	50.00
Dummy	2.00	10	2	59.80	59.80	52.77	52.77	53.93	27.50	79.80	79.80	50.00
AO_HVS1	2.01	-10	2	60.90	60.90	58.14	58.14	61.37	31.03	79.80	79.80	50.00
AO_HVS1	2.01	-6	2	60.90	60.90	58.14	58.14	61.37	31.03	79.80	79.80	50.00
AO_HVS1	2.01	-4	2	60.90	60.90	72.67	72.67	76.71	39.27	79.80	79.80	50.00
AO_HVS1	2.01	-2	2	77.00	77.00	72.67	72.67	76.71	39.27	79.80	79.80	50.00
AO_HVS1	2.01	0	2	77.00	77.00	72.66	72.66	76.71	39.27	79.80	79.80	50.00
AO_HVS1	2.01	2	2	77.00	77.00	72.33	72.33	76.59	39.20	79.80	79.80	50.00
AO_HVS1	2.01	4	2	59.80	59.80	60.19	60.19	61.08	38.78	79.80	79.80	50.00
AO_HVS1	2.01	6	2	59.80	59.80	52.77	52.77	53.93	27.50	79.80	79.80	50.00
AO_HVS1	2.01	10	2	59.80	59.80	52.77	52.77	53.93	27.50	79.80	79.80	50.00
AO_HVS2	2.02	-10	2	60.90	60.90	52.86	52.86	52.86	31.03	74.40	74.40	50.00
AO_HVS2	2.02	-6	2	60.90	60.90	52.86	52.86	52.86	31.03	74.40	74.40	50.00
AO_HVS2	2.02	-4	2	60.90	60.90	66.08	66.08	66.08	39.27	74.40	74.40	50.00
AO_HVS2	2.02	-2	2	66.00	66.00	66.08	66.08	66.08	39.27	74.40	74.40	50.00
AO_HVS2	2.02	0	2	66.00	66.00	66.07	66.07	66.08	39.27	74.40	74.40	50.00
AO_HVS2	2.02	2	2	66.00	66.00	65.78	65.78	66.06	39.20	74.40	74.40	50.00
AO_HVS2	2.02	4	2	54.50	54.50	48.42	48.42	48.29	38.78	74.40	74.40	50.00
AO_HVS2	2.02	6	2	54.50	54.50	45.96	45.96	47.59	27.50	74.40	74.40	50.00
AO_HVS2	2.02	10	2	54.50	54.50	45.96	45.96	47.59	27.50	74.40	74.40	50.00
AO_HVS3	2.03	-10	2	51.40	51.40	48.95	48.95	48.95	31.03	69.00	69.00	50.00
AO_HVS3	2.03	-6	2	51.40	51.40	48.95	48.95	48.95	31.03	69.00	69.00	50.00
AO_HVS3	2.03	-4	2	51.40	51.40	59.79	59.79	59.79	39.27	69.00	69.00	50.00
AO_HVS3	2.03	-2	2	62.60	62.60	59.79	59.79	59.79	39.27	69.00	69.00	50.00
AO_HVS3	2.03	0	2	62.60	62.60	59.78	59.78	59.79	39.27	69.00	69.00	50.00
AO_HVS3	2.03	2	2	62.60	62.60	59.56	59.56	59.78	39.20	69.00	69.00	50.00
AO_HVS3	2.03	4	2	49.20	49.20	47.72	47.72	47.87	38.78	69.00	69.00	50.00
AO_HVS3	2.03	6	2	49.20	49.20	45.33	45.33	47.29	27.50	69.00	69.00	50.00
AO_HVS3	2.03	10	2	49.20	49.20	45.33	45.33	47.29	27.50	69.00	69.00	50.00
AO_Nebenstr	2.04	-10	2	51.40	51.40	48.95	48.95	48.95	31.03	69.00	69.00	50.00
AO_Nebenstr	2.04	-6	2	51.40	51.40	48.95	48.95	48.95	31.03	69.00	69.00	50.00
AO_Nebenstr	2.04	-4	2	51.40	51.40	59.79	59.79	59.79	39.27	69.00	69.00	50.00
AO_Nebenstr	2.04	-2	2	62.60	62.60	59.79	59.79	59.79	39.27	69.00	69.00	50.00
AO_Nebenstr	2.04	0	2	62.60	62.60	59.78	59.78	59.79	39.27	69.00	69.00	50.00
AO_Nebenstr	2.04	2	2	62.60	62.60	59.56	59.56	59.78	39.20	69.00	69.00	50.00
AO_Nebenstr	2.04	4	2	49.20	49.20	47.72	47.72	47.87	38.78	69.00	69.00	50.00
AO_Nebenstr	2.04	6	2	49.20	49.20	45.33	45.33	47.29	27.50	69.00	69.00	50.00
AO_Nebenstr	2.04	10	2	49.20	49.20	45.33	45.33	47.29	27.50	69.00	69.00	50.00
Dummy	2.05	-10	2	51.40	51.40	48.95	48.95	48.95	31.03	69.00	69.00	50.00
Dummy	2.05	-6	2	51.40	51.40	48.95	48.95	48.95	31.03	69.00	69.00	50.00
Dummy	2.05	-4	2	51.40	51.40	59.79	59.79	59.79	39.27	69.00	69.00	50.00
Dummy	2.05	-2	2	62.60	62.60	59.79	59.79	59.79	39.27	69.00	69.00	50.00
Dummy	2.05	0	2	62.60	62.60	59.78	59.78	59.79	39.27	69.00	69.00	50.00
Dummy	2.05	2	2	62.60	62.60	59.56	59.56	59.78	39.20	69.00	69.00	50.00
Dummy	2.05	4	2	49.20	49.20	47.72	47.72	47.87	38.78	69.00	69.00	50.00
Dummy	2.05	6	2	49.20	49.20	45.33	45.33	47.29	27.50	69.00	69.00	50.00
Dummy	2.05	10	2	49.20	49.20	45.33	45.33	47.29	27.50	69.00	69.00	50.00
Dummy	3.00	-10	3	118.40	118.40	51.11	51.11	82.39	82.39	117.50	127.00	50.00
Dummy	3.00	-6	3	118.40	118.40	51.11	51.11	82.39	82.39	117.50	127.00	50.00
Dummy	3.00	-4	3	118.40	118.40	52.33	52.33	102.99	102.99	117.50	127.00	50.00
Dummy	3.00	-2	3	118.40	118.40	86.21	86.21	102.99	102.99	117.50	127.00	50.00
Dummy	3.00	0	3	118.40	118.40	86.21	86.21	102.99	102.99	117.50	127.00	50.00
Dummy	3.00	2	3	118.40	118.40	85.17	85.17	102.63	102.63	117.50	127.00	50.00
Dummy	3.00	4	3	118.40	118.40	56.47	56.47	85.15	85.15	117.50	127.00	50.00
Dummy	3.00	6	3	118.40	118.40	35.59	35.59	67.46	67.46	117.50	127.00	50.00
Dummy	3.00	10	3	118.40	118.40	35.59	35.59	67.46	67.46	117.50	127.00	50.00
AB>120	3.01	-10	3	118.40	118.40	51.11	51.11	82.39	82.39	117.50	127.00	50.00
AB>120	3.01	-6	3	118.40	118.40	51.11	51.11	82.39	82.39	117.50	127.00	50.00
AB>120	3.01	-4	3	118.40	118.40	52.33	52.33	102.99	102.99	117.50	127.00	50.00
AB>120	3.01	-2	3	118.40	118.40	86.21	86.21	102.99	102.99	117.50	127.00	50.00
AB>120	3.01	0	3	118.40	118.40	86.21	86.21	102.99	102.99	117.50	127.00	50.00
AB>120	3.01	2	3	118.40	118.40	85.17	85.17	102.63	102.63	117.50	127.00	50.00
AB>120	3.01	4	3	118.40	118.40	56.47	56.47	85.15	85.15	117.50	127.00	50.00
AB>120	3.01	6	3	118.40	118.40	35.59	35.59	67.46	67.46	117.50	127.00	50.00
AB>120	3.01	10	3	118.40	118.40	35.59	35.59	67.46	67.46	117.50	127.00	50.00
AB_120	3.02	-10	3	118.40	118.40	51.11	51.11	82.39	82.39	115.00	115.00	50.00
AB_120	3.02	-6	3	118.40	118.40	51.11	51.11	82.39	82.39	115.00	115.00	50.00
AB_120	3.02	-4	3	118.40	118.40	52.33	52.33	102.99	102.99	115.00	115.00	50.00
AB_120	3.02	-2	3	118.40	118.40	86.21	86.21	102.99	102.99	115.00	115.00	50.00
AB_120	3.02	0	3	118.40	118.40	86.21	86.21	102.99	102.99	115.00	115.00	50.00
AB_120	3.02	2	3	118.40	118.40	85.17	85.17	102.63	102.63	115.00	115.00	50.00
AB_120	3.02	4	3	110.00	110.00	56.47	56.47	85.15	85.15	115.00	115.00	50.00
AB_120	3.02	6	3	110.00	110.00	35.59	35.59	67.46	67.46	115.00	115.00	50.00
AB_120	3.02	10	3	110.00	110.00	35.59	35.59	67.46	67.46	115.00	115.00	50.00
AB_100	3.03	-10	3	103.30	103.30	51.11	51.11	82.39	82.39	107.00	107.00	50.00
AB_100	3.03	-6	3	103.30	103.30	51.11	51.11	82.39	82.39	107.00	107.00	50.00
AB_100	3.03	-4	3	103.30	103.30	52.33	52.33	102.99	102.99	107.00	107.00	50.00
AB_100	3.03	-2	3	103.30	103.30	86.21	86.21	102.99	102.99	107.00	107.00	50.00
AB_100	3.03	0	3	103.30	103.30	86.21	86.21	102.99	102.99	107.00	107.00	50.00
AB_100	3.03	2	3	103.30	103.30	85.17	85.17	102.63	102.63	107.00	107.00	50.00
AB_100	3.03	4	3	100.00	100.00	56.47	56.47	85.15	85.15	107.00	107.00	50.00
AB_100	3.03	6	3	100.00	100.00	35.59	35.59	67.46	67.46	107.00	107.00	50.00
AB_100	3.03	10	3	100.00	100.00	35.59	35.59	67.46	67.46	107.00	107.00	50.00
AB_80	3.04	-10	3	95.00	95.00	57.26	57.26	70.13	70.13	90.35	90.35	50.00
AB_80	3.04	-6	3	95.00	95.00	57.26	57.26	70.13	70.13	90.35	90.35	50.00
AB_80	3.04	-4	3	95.00	95.00	65.80	65.80	87.66	87.66	90.35	90.35	50.00
AB_80	3.04	-2	3	95.00	95.00	82.74	82.74	87.66	87.66	90.35	90.35	50.00
AB_80	3.04	0	3	95.00	95.00	82.73	82.73	87.66	87.66	90.35	90.35	50.00
AB_80	3.04	2	3	95.00	95.00	81.97	81.97	87.45	87.45	90.35	90.35	50.00
AB_80	3.04	4	3	95.00	95.00	63.33	63.33	74.25	74.25	90.35	90.35	50.00
AB_80	3.04	6	3	95.00	95.00	46.17	46.17	60.47	60.47	90.35	90.35	50.00
AB_80	3.04	10	3	95.00	95.00	46.17	46.17	60.47	60.47	90.35	90.35	50.00
AB_Baust1	3.05	-10	3	95.00	95.00	57.26	57.26	67.04	67.04	90.35	90.35	50.00
AB_Baust1	3.05	-6	3	95.00	95.00	57.26	57.26	67.04	67.04	90.35	90.35	50.00
AB_Baust1	3.05	-4	3	95.00	95.00	65.80	65.80	83.80	83.80	90.35	90.35	50.00
AB_Baust1	3.05	-2	3	95.00	95.00	82.74	82.74	83.80	83.80	90.35	90.35	50.00
AB_Baust1	3.05	0	3	95.00	95.00	82.73	82.73	83.79	83.79	90.35	90.35	50.00
AB_Baust1	3.05	2	3	95.00	95.00	81.97	81.97	83.62	83.62	90.35	90.35	50.00
AB_Baust1	3.05	4	3	95.00	95.00	63.33	63.33	69.60	69.60	90.35	90.35	50.00
AB_Baust1	3.05	6	3	95.00	95.00	46.17	46.17	58.16	58.16	90.35	90.35	50.00
AB_Baust1	3.05	10	3	95.00	95.00	46.17	46.17	58.16	58.16	90.35	90.35	50.00
AB>120_gebunden	3.06	-10	3	85.00	85.00	63.41	63.41	64.46	64.46	84.80	84.80	50.00
AB>120_gebunden	3.06	-6	3	85.00	85.00	63.41	63.41	64.46	64.46	84.80	84.80	50.00
AB>120_gebunden	3.06	-4	3	85.00	85.00	79.27	79.27	80.58	80.58	84.80	84.80	50.00
AB>120_gebunden	3.06	-2	3	85.00	85.00	79.27	79.27	80.58	80.58	84.80	84.80	50.00
AB>120_gebunden	3.06	0	3	85.00	85.00	79.25	79.25	80.57	80.57	84.80	84.80	50.00
AB>120_gebunden	3.06	2	3	85.00	85.00	78.77	78.77	80.43	80.43	84.80	84.80	50.00
AB>120_gebunden	3.06	4	3	85.00	85.00	70.18	70.18	65.73	65.73	84.80	84.80	50.00
AB>120_gebunden	3.06	6	3	85.00	85.00	56.76	56.76	56.24	56.24	84.80	84.80	50.00
AB>120_gebunden	3.06	10	3	85.00	85.00	56.76	56.76	56.24	56.24	84.80	84.80	50.00
AB_120_gebunden	3.07	-10	3	85.00	85.00	63.41	63.41	64.46	64.46	84.80	84.80	50.00
AB_120_gebunden	3.07	-6	3	85.00	85.00	63.41	63.41	64.46	64.46	84.80	84.80	50.00
AB_120_gebunden	3.07	-4	3	85.00	85.00	79.27	79.27	80.58	80.58	84.80	84.80	50.00
AB_120_gebunden	3.07	-2	3	85.00	85.00	79.27	79.27	80.58	80.58	84.80	84.80	50.00
AB_120_gebunden	3.07	0	3	85.00	85.00	79.25	79.25	80.57	80.57	84.80	84.80	50.00
AB_120_gebunden	3.07	2	3	85.00	85.00	78.77	78.77	80.43	80.43	84.80	84.80	50.00
AB_120_gebunden	3.07	4	3	85.00	85.00	70.18	70.18	65.73	65.73	84.80	84.80	50.00
AB_120_gebunden	3.07	6	3	85.00	85.00	56.76	56.76	56.24	56.24	84.80	84.80	50.00
AB_120_gebunden	3.07	10	3	85.00	85.00	56.76	56.76	56.24	56.24	84.80	84.80	50.00
AB_100_gebunden	3.08	-10	3	85.00	85.00	63.41	63.41	64.46	64.46	84.80	84.80	50.00
AB_100_gebunden	3.08	-6	3	85.00	85.00	63.41	63.41	64.46	64.46	84.80	84.80	50.00
AB_100_gebunden	3.08	-4	3	85.00	85.00	79.27	79.27	80.58	80.58	84.80	84.80	50.00
AB_100_gebunden	3.08	-2	3	85.00	85.00	79.27	79.27	80.58	80.58	84.80	84.80	50.00
AB_100_gebunden	3.08	0	3	85.00	85.00	79.25	79.25	80.57	80.57	84.80	84.80	50.00
AB_100_gebunden	3.08	2	3	85.00	85.00	78.77	78.77	80.43	80.43	84.80	84.80	50.00
AB_100_gebunden	3.08	4	3	85.00	85.00	70.18	70.18	65.73	65.73	84.80	84.80	50.00
AB_100_gebunden	3.08	6	3	85.00	85.00	56.76	56.76	56.24	56.24	84.80	84.80	50.00
AB_100_gebunden	3.08	10	3	85.00	85.00	56.76	56.76	56.24	56.24	84.80	84.80	50.00
AB_80_gebunden	3.09	-10	3	85.00	85.00	63.41	63.41	64.46	64.46	84.80	84.80	50.00
AB_80_gebunden	3.09	-6	3	85.00	85.00	63.41	63.41	64.46	64.46	84.80	84.80	50.00
AB_80_gebunden	3.09	-4	3	85.00	85.00	79.27	79.27	80.58	80.58	84.80	84.80	50.00
AB_80_gebunden	3.09	-2	3	85.00	85.00	79.27	79.27	80.58	80.58	84.80	84.80	50.00
AB_80_gebunden	3.09	0	3	85.00	85.00	79.25	79.25	80.57	80.57	84.80	84.80	50.00
AB_80_gebunden	3.09	2	3	85.00	85.00	78.77	78.77	80.43	80.43	84.80	84.80	50.00
AB_80_gebunden	3.09	4	3	85.00	85.00	70.18	70.18	65.73	65.73	84.80	84.80	50.00
AB_80_gebunden	3.09	6	3	85.00	85.00	56.76	56.76	56.24	56.24	84.80	84.80	50.00
AB_80_gebunden	3.09	10	3	85.00	85.00	56.76	56.76	56.24	56.24	84.80	84.80	50.00
AB_60	3.10	-10	3	80.00	80.00	60.25	60.25	63.17	63.17	79.80	79.80	50.00
AB_60	3.10	-6	3	80.00	80.00	60.25	60.25	63.17	63.17	79.80	79.80	50.00
AB_60	3.10	-4	3	80.00	80.00	75.31	75.31	78.97	78.97	79.80	79.80	50.00
AB_60	3.10	-2	3	80.00	80.00	75.31	75.31	78.97	78.97	79.80	79.80	50.00
AB_60	3.10	0	3	80.00	80.00	75.29	75.29	78.96	78.96	79.80	79.80	50.00
AB_60	3.10	2	3	80.00	80.00	74.84	74.84	78.83	78.83	79.80	79.80	50.00
AB_60	3.10	4	3	80.00	80.00	63.47	63.47	63.79	63.79	79.80	79.80	50.00
AB_60	3.10	6	3	80.00	80.00	53.16	53.16	55.28	55.28	79.80	79.80	50.00
AB_60	3.10	10	3	80.00	80.00	53.16	53.16	55.28	55.28	79.80	79.80	50.00
AB_60_gebunden	3.11	-10	3	74.44	74.44	57.08	57.08	57.25	57.25	74.40	74.40	50.00
AB_60_gebunden	3.11	-6	3	74.44	74.44	57.08	57.08	57.25	57.25	74.40	74.40	50.00
AB_60_gebunden	3.11	-4	3	74.44	74.44	71.36	71.36	71.56	71.56	74.40	74.40	50.00
AB_60_gebunden	3.11	-2	3	74.91	74.91	71.35	71.35	71.56	71.56	74.40	74.40	50.00
AB_60_gebunden	3.11	0	3	74.91	74.91	71.34	71.34	71.55	71.55	74.40	74.40	50.00
AB_60_gebunden	3.11	2	3	74.91	74.91	70.92	70.92	71.49	71.49	74.40	74.40	50.00
AB_60_gebunden	3.11	4	3	74.10	74.10	56.75	56.75	54.88	54.88	74.40	74.40	50.00
AB_60_gebunden	3.11	6	3	74.10	74.10	49.57	49.57	50.86	50.86	74.40	74.40	50.00
AB_60_gebunden	3.11	10	3	74.10	74.10	49.57	49.57	50.86	50.86	74.40	74.40	50.00
AB_Baust2	3.12	-10	3	74.44	74.44	57.08	57.08	57.25	57.25	74.40	74.40	50.00
AB_Baust2	3.12	-6	3	74.44	74.44	57.08	57.08	57.25	57.25	74.40	74.40	50.00
AB_Baust2	3.12	-4	3	74.44	74.44	71.36	71.36	71.56	71.56	74.40	74.40	50.00
AB_Baust2	3.12	-2	3	74.91	74.91	71.35	71.35	71.56	71.56	74.40	74.40	50.00
AB_Baust2	3.12	0	3	74.91	74.91	71.34	71.34	71.55	71.55	74.40	74.40	50.00
AB_Baust2	3.12	2	3	74.91	74.91	70.92	70.92	71.49	71.49	74.40	74.40	50.00
AB_Baust2	3.12	4	3	74.10	74.10	56.75	56.75	54.88	54.88	74.40	74.40	50.00
AB_Baust2	3.12	6	3	74.10	74.10	49.57	49.57	50.86	50.86	74.40	74.40	50.00
AB_Baust2	3.12	10	3	74.10	74.10	49.57	49.57	50.86	50.86	74.40	74.40	50.00
AB_Stop+Go	3.13	-10	3	9.50	9.50	6.34	6.34	6.34	6.34	19.00	19.00	19.00
AB_Stop+Go	3.13	-6	3	9.50	9.50	6.34	6.34	6.34	6.34	19.00	19.00	19.00
AB_Stop+Go	3.13	-4	3	9.50	9.50	6.34	6.34	6.34	6.34	19.00	19.00	19.00
AB_Stop+Go	3.13	-2	3	9.50	9.50	6.34	6.34	6.34	6.34	19.00	19.00	19.00
AB_Stop+Go	3.13	0	3	9.50	9.50	6.34	6.34	6.34	6.34	19.00	19.00	19.00
AB_Stop+Go	3.13	2	3	9.50	9.50	6.34	6.34	6.34	6.34	19.00	19.00	19.00
AB_Stop+Go	3.13	4	3	9.50	9.50	6.34	6.34	6.34	6.34	19.00	19.00	19.00
AB_Stop+Go	3.13	6	3	9.50	9.50	6.34	6.34	6.34	6.34	19.00	19.00	19.00
AB_Stop+Go	3.13	10	3	9.50	9.50	6.34	6.34	6.34	6.34	19.00	19.00	19.00
Dummy	3.14	-10	3	9.50	9.50	6.34	6.34	6.34	6.34	19.00	19.00	19.00
Dummy	3.14	-6	3	9.50	9.50	6.34	6.34	6.34	6.34	19.00	19.00	19.00
Dummy	3.14	-4	3	9.50	9.50	6.34	6.34	6.34	6.34	19.00	19.00	19.00
Dummy	3.14	-2	3	9.50	9.50	6.34	6.34	6.34	6.34	19.00	19.00	19.00
Dummy	3.14	0	3	9.50	9.50	6.34	6.34	6.34	6.34	19.00	19.00	19.00
Dummy	3.14	2	3	9.50	9.50	6.34	6.34	6.34	6.34	19.00	19.00	19.00
Dummy	3.14	4	3	9.50	9.50	6.34	6.34	6.34	6.34	19.00	19.00	19.00
Dummy	3.14	6	3	9.50	9.50	6.34	6.34	6.34	6.34	19.00	19.00	19.00
Dummy	3.14	10	3	9.50	9.50	6.34	6.34	6.34	6.34	19.00	19.00	19.00
