v_drive [km/h]	-20	-15	-10	-6	-4	-2	0	2	4	6	10	15	20	pStop IO (%) [v_ave]	pStop AO (%) [v_ave]	pStop AB (%) [v_ave]
5	-0.369023419	-0.265309443	-0.168702722	-0.101482536	-0.073345491	-0.049793564	-0.033462	-0.021895301	-0.013619563	-0.008089375	-0.002041862	-8.55774E-05	-1.05305E-05	0.4165	0.4025	0.4620
10	-0.738046838	-0.530618887	-0.337405444	-0.202965072	-0.146690981	-0.099587128	-0.066924	-0.043790601	-0.027239125	-0.016178751	-0.004083725	-0.000171155	-2.10609E-05	0.3463	0.3390	0.3932
15	-1.107070258	-0.79592833	-0.506108166	-0.304447608	-0.220036472	-0.149380692	-0.100386001	-0.065685902	-0.040858688	-0.024268126	-0.006125587	-0.000250488	-2.18668E-05	0.2762	0.2756	0.3244
20	-1.253934383	-0.905750134	-0.576959529	-0.34302938	-0.244406103	-0.16112372	-0.105059177	-0.065929984	-0.037566105	-0.021123712	-0.004462011	0	0	0.2061	0.2122	0.2557
25	-1.385811881	-1.005082909	-0.641210307	-0.377944429	-0.266096351	-0.171011086	-0.109229278	-0.063027644	-0.030378497	-0.015185808	-0.002451609	0	0	0.1360	0.1488	0.1869
30	-1.513061441	-1.100115337	-0.700599254	-0.407006867	-0.281694061	-0.173981587	-0.104609755	-0.058427103	-0.025819549	-0.009250382	-0.000441208	0	0	0.0782	0.0853	0.1181
35	-1.635244387	-1.190439794	-0.754665524	-0.429727971	-0.291309023	-0.170328994	-0.092918089	-0.052583489	-0.02450334	-0.007708343	0	0	0	0.0582	0.0433	0.0493
40	-1.694469134	-1.234266934	-0.78079472	-0.438695868	-0.290061146	-0.159834766	-0.081746711	-0.045411431	-0.020465056	-0.004664731	0	0	0	0.0401	0.0276	0.0000
45	-1.734222986	-1.263713987	-0.798283899	-0.443844473	-0.283901218	-0.145982753	-0.070857541	-0.037449884	-0.015750365	-0.00149328	0	0	0	0.0229	0.0210	0.0000
50	-1.771782446	-1.291565781	-0.81480946	-0.448349008	-0.277550339	-0.132087594	-0.05996837	-0.029488337	-0.011035674	0	0	0	0	0.0058	0.0143	0.0000
55	-1.78132699	-1.299051549	-0.819032887	-0.444992957	-0.268202959	-0.115231966	-0.045175155	-0.020953919	-0.006991638	0	0	0	0	-0.0113	0.0077	0.0000
60	-1.791610643	-1.306835517	-0.823320964	-0.442489436	-0.260036048	-0.100914805	-0.032772757	-0.013200802	-0.002892959	0	0	0	0	-0.0284	0.0010	0.0000
65	-1.802658349	-1.314927749	-0.827675872	-0.440865454	-0.253080973	-0.089493458	-0.02295557	-0.00665005	-0.000488001	0	0	0	0	-0.0455	-0.0056	0.0000
70	-1.805121863	-1.316000614	-0.827091806	-0.437689443	-0.247182776	-0.080892794	-0.017768538	-0.00533068	0	0	0	0	0	-0.0626	-0.0122	0.0000
75	-1.804417298	-1.314369133	-0.824380658	-0.433278234	-0.240675651	-0.069885009	-0.012742683	-0.003738935	0	0	0	0	0	-0.0797	-0.0189	0.0000
80	-1.800638488	-1.310138488	-0.81964319	-0.42766611	-0.233561275	-0.057329297	-0.008049346	-0.002053546	0	0	0	0	0	-0.0969	-0.0255	0.0000
85	-1.793773425	-1.303273425	-0.812773425	-0.420464704	-0.224868634	-0.040397362	-0.002691464	-6.40388E-05	0	0	0	0	0	-0.1140	-0.0322	0.0000
90	-1.786146653	-1.295646653	-0.805146653	-0.412487481	-0.214889868	-0.017082649	0	0	0	0	0	0	0	-0.1311	-0.0388	0.0000
95	-1.778519881	-1.288019881	-0.797519881	-0.404510259	-0.204911102	0	0	0	0	0	0	0	0	-0.1482	-0.0455	0.0000
100	-1.770893109	-1.280393109	-0.789893109	-0.396533036	-0.194932335	0	0	0	0	0	0	0	0	-0.1653	-0.0521	0.0000
105	-1.763266337	-1.272766337	-0.782266337	-0.388555814	-0.184953569	0	0	0	0	0	0	0	0	-0.1824	-0.0588	0.0000
110	-1.755639565	-1.265139565	-0.774639565	-0.380578591	-0.174974803	0	0	0	0	0	0	0	0	-0.1995	-0.0654	0.0000
115	-1.748012793	-1.257512793	-0.767012793	-0.372601369	-0.164996036	0	0	0	0	0	0	0	0	-0.2167	-0.0721	0.0000
120	-1.74038602	-1.24988602	-0.75938602	-0.364624146	-0.15501727	0	0	0	0	0	0	0	0	-0.2338	-0.0787	0.0000
125	-1.732759248	-1.242259248	-0.751759248	-0.356646924	-0.145038504	0	0	0	0	0	0	0	0	-0.2509	-0.0854	0.0000
130	-1.725132476	-1.234632476	-0.744132476	-0.348669701	-0.135059737	0	0	0	0	0	0	0	0	-0.2680	-0.0920	0.0000
135	-1.717505704	-1.227005704	-0.736505704	-0.340692479	-0.125080971	0	0	0	0	0	0	0	0	-0.2851	-0.0987	0.0000
140	-1.709878932	-1.219378932	-0.728878932	-0.332715256	-0.115102204	0	0	0	0	0	0	0	0	-0.3022	-0.1053	0.0000
145	-1.70225216	-1.21175216	-0.72125216	-0.324738034	-0.105123438	0	0	0	0	0	0	0	0	-0.3193	-0.1120	0.0000
150	-1.694625388	-1.204125388	-0.713625388	-0.316760811	-0.095144672	0	0	0	0	0	0	0	0	-0.3365	-0.1186	0.0000
155	-1.686998616	-1.196498616	-0.705998616	-0.308783589	-0.085165905	0	0	0	0	0	0	0	0	-0.3536	-0.1253	0.0000
160	-1.679371844	-1.188871844	-0.698371844	-0.300806366	-0.075187139	0	0	0	0	0	0	0	0	-0.3707	-0.1319	0.0000
165	-1.671745072	-1.181245072	-0.690745072	-0.292829144	-0.065208373	0	0	0	0	0	0	0	0	-0.3878	-0.1385	0.0000
170	-1.6641183	-1.1736183	-0.6831183	-0.284851921	-0.055229606	0	0	0	0	0	0	0	0	-0.4049	-0.1452	0.0000
175	-1.656491528	-1.165991528	-0.675491528	-0.276874699	-0.04525084	0	0	0	0	0	0	0	0	-0.4220	-0.1518	0.0000
180	-1.648864756	-1.158364756	-0.667864756	-0.268897476	-0.035272074	0	0	0	0	0	0	0	0	-0.4391	-0.1585	0.0000
185	-1.648864756	-1.158364756	-0.667864756	-0.268897476	-0.035272074	0	0	0	0	0	0	0	0	-0.4563	-0.1651	0.0000
190	-1.648864756	-1.158364756	-0.667864756	-0.268897476	-0.035272074	0	0	0	0	0	0	0	0	-0.4734	-0.1718	0.0000
195	-1.648864756	-1.158364756	-0.667864756	-0.268897476	-0.035272074	0	0	0	0	0	0	0	0	-0.4905	-0.1784	0.0000
200	-1.648864756	-1.158364756	-0.667864756	-0.268897476	-0.035272074	0	0	0	0	0	0	0	0	-0.5076	-0.1851	0.0000
