v_drive [km/h]	-20	-15	-10	-6	-4	-2	0	2	4	6	10	15	20	pStop IO (%) [v_ave]	pStop AO (%) [v_ave]	pStop AB (%) [v_ave]
5	-0.336647282	-0.237561278	-0.147676696	-0.087938554	-0.063731297	-0.044198099	-0.030612765	-0.021213285	-0.014796082	-0.009459399	-0.003839061	-0.000765429	-6.45174E-05	0.4208	0.4183	0.4495
10	-0.673294564	-0.475122557	-0.295353391	-0.175877108	-0.127462593	-0.088396198	-0.06122553	-0.04242657	-0.029592165	-0.018918798	-0.007678122	-0.001530859	-0.000129035	0.3505	0.3468	0.3936
15	-1.009941846	-0.712683835	-0.443030087	-0.263815662	-0.19119389	-0.132594297	-0.091838294	-0.063639855	-0.044388247	-0.028378197	-0.011517183	-0.002296288	-0.000193552	0.2803	0.2754	0.3377
20	-1.161192612	-0.824074999	-0.511793627	-0.297520984	-0.209323908	-0.139453944	-0.093586245	-0.062588206	-0.041970541	-0.024201792	-0.008910526	-0.00162042	-4.61274E-05	0.2100	0.2039	0.2818
25	-1.299936727	-0.926954862	-0.575233771	-0.327661978	-0.224751258	-0.144060057	-0.093872397	-0.060502552	-0.038972537	-0.01582477	-0.005101503	-0.000521123	0	0.1397	0.1324	0.2258
30	-1.431384557	-1.023347342	-0.632471578	-0.351518078	-0.233341388	-0.141426136	-0.089351588	-0.055058212	-0.033694647	-0.011385296	-0.001525927	0	0	0.0840	0.0610	0.1699
35	-1.554844493	-1.112637506	-0.682919138	-0.368493548	-0.23451345	-0.131294754	-0.079809475	-0.046420554	-0.026637313	-0.012959042	-0.001334329	0	0	0.0659	0.0420	0.1140
40	-1.616714581	-1.158219521	-0.709571333	-0.376748024	-0.232173409	-0.12111178	-0.069358265	-0.038956947	-0.021528941	-0.011505952	-0.000749491	0	0	0.0499	0.0333	0.0581
45	-1.659536959	-1.190284046	-0.728864406	-0.382305535	-0.228828009	-0.110915288	-0.058458831	-0.032237366	-0.017361113	-0.00836772	-9.44615E-05	0	0	0.0357	0.0250	0.0022
50	-1.700153004	-1.220750909	-0.747164411	-0.387178896	-0.224884802	-0.100126689	-0.047542771	-0.02550256	-0.013193284	-0.005229487	0	0	0	0.0215	0.0166	0.0000
55	-1.712601688	-1.230821055	-0.752786332	-0.383317983	-0.213477322	-0.082475233	-0.034799714	-0.017404088	-0.00887462	-0.002940809	0	0	0	0.0073	0.0137	0.0000
60	-1.725019692	-1.240545296	-0.75814376	-0.380337773	-0.203581991	-0.067247784	-0.024418803	-0.011086462	-0.005205482	-0.001349711	0	0	0	0.0019	0.0099	0.0000
65	-1.737405981	-1.249911958	-0.763227767	-0.378267987	-0.195246958	-0.05449251	-0.016744118	-0.006629348	-0.002392195	-0.000495064	0	0	0	0.0002	0.0047	0.0000
70	-1.741689872	-1.252674649	-0.763977944	-0.375740887	-0.189056087	-0.046836333	-0.012704379	-0.00482637	-0.001591529	-0.00027996	0	0	0	0.0000	0.0024	0.0000
75	-1.742552567	-1.252568063	-0.762712171	-0.372529436	-0.183654297	-0.041380707	-0.009724215	-0.003440548	-0.000700922	-0.000267235	0	0	0	0.0000	0.0009	0.0000
80	-1.740397015	-1.249897015	-0.759559643	-0.368500253	-0.17873088	-0.037640328	-0.007591984	-0.002388758	0	-0.00025451	0	0	0	0.0000	0.0000	0.0000
85	-1.732927937	-1.242427937	-0.752083611	-0.361173153	-0.172384565	-0.034373232	-0.00636923	-0.001698124	0	-0.000241784	0	0	0	0.0000	0.0000	0.0000
90	-1.72545886	-1.23495886	-0.744607579	-0.353846053	-0.16603825	-0.031106136	-0.005146477	-0.000991714	0	-0.000229059	0	0	0	0.0000	0.0000	0.0000
95	-1.7177598	-1.2272598	-0.73695887	-0.34641294	-0.159812099	-0.02845353	-0.003918904	-0.000350938	0	-0.000216333	0	0	0	0.0000	0.0000	0.0000
100	-1.708429131	-1.217929131	-0.727563422	-0.337412398	-0.152375993	-0.024650202	-0.003032509	-0.000154196	0	-0.000203608	0	0	0	0.0000	0.0000	0.0000
105	-1.698289384	-1.207789384	-0.717294902	-0.327624008	-0.144313051	-0.020206011	-0.002309418	0	0	-0.000190882	0	0	0	0.0000	0.0000	0.0000
110	-1.688149638	-1.197649638	-0.707026383	-0.317835618	-0.136250109	-0.01576182	-0.001586328	0	0	-0.000178157	0	0	0	0.0000	0.0000	0.0000
115	-1.678009891	-1.187509891	-0.696757863	-0.308047229	-0.128187167	-0.011317629	-0.000863237	0	0	-0.000165431	0	0	0	0.0000	0.0000	0.0000
120	-1.667870145	-1.177370145	-0.686489343	-0.298258839	-0.120124225	-0.006873438	-0.000140147	0	0	-0.000152706	0	0	0	0.0000	0.0000	0.0000
125	-1.657730398	-1.167230398	-0.676220824	-0.288470449	-0.112061283	-0.002429248	0	0	0	-0.00013998	0	0	0	0.0000	0.0000	0.0000
130	-1.647590652	-1.157090652	-0.665952304	-0.278682059	-0.103998341	0	0	0	0	-0.000127255	0	0	0	0.0000	0.0000	0.0000
135	-1.637450905	-1.146950905	-0.655683785	-0.26889367	-0.095935399	0	0	0	0	-0.000114529	0	0	0	0.0000	0.0000	0.0000
140	-1.627311159	-1.136811159	-0.645415265	-0.25910528	-0.087872457	0	0	0	0	-0.000101804	0	0	0	0.0000	0.0000	0.0000
145	-1.617171412	-1.126671412	-0.635146745	-0.24931689	-0.079809515	0	0	0	0	-8.90783E-05	0	0	0	0.0000	0.0000	0.0000
150	-1.607031666	-1.116531666	-0.624878226	-0.2395285	-0.071746573	0	0	0	0	-7.63529E-05	0	0	0	0.0000	0.0000	0.0000
155	-1.59689192	-1.10639192	-0.614609706	-0.22974011	-0.063683631	0	0	0	0	-6.36274E-05	0	0	0	0.0000	0.0000	0.0000
160	-1.586752173	-1.096252173	-0.604341187	-0.219951721	-0.055620689	0	0	0	0	-5.09019E-05	0	0	0	0.0000	0.0000	0.0000
165	-1.576612427	-1.086112427	-0.594072667	-0.210163331	-0.047557747	0	0	0	0	-3.81764E-05	0	0	0	0.0000	0.0000	0.0000
170	-1.56647268	-1.07597268	-0.583804147	-0.200374941	-0.039494805	0	0	0	0	-2.5451E-05	0	0	0	0.0000	0.0000	0.0000
175	-1.556332934	-1.065832934	-0.573535628	-0.190586551	-0.031431863	0	0	0	0	-1.27255E-05	0	0	0	0.0000	0.0000	0.0000
180	-1.546193187	-1.055693187	-0.563267108	-0.180798162	-0.023368921	0	0	0	0	0	0	0	0	0.0000	0.0000	0.0000
185	-1.546193187	-1.055693187	-0.563267108	-0.180798162	-0.023368921	0	0	0	0	0	0	0	0	0.0000	0.0000	0.0000
190	-1.546193187	-1.055693187	-0.563267108	-0.180798162	-0.023368921	0	0	0	0	0	0	0	0	0.0000	0.0000	0.0000
195	-1.546193187	-1.055693187	-0.563267108	-0.180798162	-0.023368921	0	0	0	0	0	0	0	0	0.0000	0.0000	0.0000
200	-1.546193187	-1.055693187	-0.563267108	-0.180798162	-0.023368921	0	0	0	0	0	0	0	0	0.0000	0.0000	0.0000
