v_drive [km/h]	-20	-15	-10	-6	-4	-2	0	2	4	6	10	15	20	pStop IO (%) [v_ave]	pStop AO (%) [v_ave]	pStop AB (%) [v_ave]
5	-0.305297801	-0.206713771	-0.122465144	-0.070940467	-0.051288518	-0.036736513	-0.025469414	-0.017899793	-0.012521054	-0.008633277	-0.004334648	-0.00175249	-0.000700314	0.3722	0.4256	0.4488
10	-0.610595602	-0.413427542	-0.244930288	-0.141880933	-0.102577036	-0.073473026	-0.050938827	-0.035799586	-0.025042108	-0.017266553	-0.008669295	-0.003504979	-0.001400627	0.3369	0.3499	0.3951
15	-0.891860028	-0.605056255	-0.358781196	-0.207516604	-0.149851068	-0.107424833	-0.074672923	-0.052653662	-0.037053994	-0.025785558	-0.013134832	-0.005433227	-0.00220661	0.3016	0.2742	0.3414
20	-1.012276244	-0.695725176	-0.414979592	-0.237648862	-0.170257348	-0.122762548	-0.086817244	-0.06252166	-0.045680205	-0.033545196	-0.018463435	-0.00840294	-0.003675013	0.2663	0.1985	0.2877
25	-1.132692461	-0.786394098	-0.471177987	-0.267781119	-0.190663627	-0.138100262	-0.098961566	-0.072389657	-0.054306415	-0.041304833	-0.023792038	-0.011372653	-0.005143416	0.2310	0.1228	0.2340
30	-1.269059446	-0.884919288	-0.529134118	-0.29473044	-0.206421148	-0.147886503	-0.105883666	-0.077523994	-0.058235957	-0.044325154	-0.025026178	-0.011444923	-0.004857808	0.1863	0.0585	0.1803
35	-1.426825314	-0.99398412	-0.589448354	-0.317409668	-0.21594209	-0.150225155	-0.105811554	-0.076355286	-0.05591209	-0.041082849	-0.020942746	-0.008122903	-0.002453312	0.1081	0.0365	0.1267
40	-1.500818988	-1.044157413	-0.613603379	-0.320381109	-0.211098353	-0.142925611	-0.098808305	-0.070311695	-0.050960701	-0.036933098	-0.018294168	-0.006566106	-0.001791196	0.0726	0.0265	0.0730
45	-1.527533652	-1.061093737	-0.617351017	-0.31222995	-0.198147736	-0.130186635	-0.087893479	-0.061518757	-0.044549295	-0.03228738	-0.016426739	-0.00610659	-0.001787654	0.0497	0.0183	0.0193
50	-1.554248315	-1.078030061	-0.621098654	-0.30407879	-0.185197119	-0.117447659	-0.076978652	-0.05272582	-0.038137888	-0.027641661	-0.01455931	-0.005647074	-0.001784112	0.0274	0.0101	0.0000
55	-1.572875744	-1.088679937	-0.621307403	-0.294959771	-0.173365274	-0.105701215	-0.066406536	-0.04366158	-0.030921725	-0.022029131	-0.011635931	-0.004539302	-0.001429578	0.0173	0.0052	0.0000
60	-1.582544461	-1.093755864	-0.619447035	-0.284868371	-0.161260621	-0.09442158	-0.057353354	-0.036584775	-0.025432478	-0.017834484	-0.009350369	-0.003627371	-0.001244184	0.0117	0.0025	0.0000
65	-1.583097067	-1.093351666	-0.615635334	-0.273667499	-0.148549663	-0.083487234	-0.049965829	-0.031823329	-0.022026066	-0.015378523	-0.007920828	-0.002994987	-0.001208528	0.0083	0.0018	0.0000
70	-1.580856748	-1.090128707	-0.607561524	-0.259209138	-0.134347059	-0.072278144	-0.041616144	-0.025442282	-0.017112381	-0.011740489	-0.005607738	-0.001795971	-0.00061205	0.0027	0.0018	0.0000
75	-1.572864374	-1.08291055	-0.598936451	-0.245886353	-0.121502517	-0.062803124	-0.036052167	-0.022724207	-0.015589213	-0.01084753	-0.005152759	-0.001602096	-0.00057514	0.0000	0.0006	0.0000
80	-1.561880404	-1.072809938	-0.588250284	-0.231494004	-0.10833183	-0.053711723	-0.031047152	-0.020543399	-0.014546634	-0.010362597	-0.005077515	-0.001661383	0	0.0000	0.0000	0.0000
85	-1.549519227	-1.060317286	-0.574266416	-0.214411639	-0.093644281	-0.044110927	-0.02512158	-0.016810151	-0.012043216	-0.008739298	-0.004523782	-0.001610385	0	0.0000	0.0000	0.0000
90	-1.53235126	-1.043020949	-0.55675144	-0.197296238	-0.081561358	-0.036927324	-0.020680055	-0.013895425	-0.009996183	-0.007250077	-0.003825273	-0.001329472	0	0.0000	0.0000	0.0000
95	-1.513931939	-1.024474067	-0.538317208	-0.180172237	-0.070156498	-0.030372954	-0.016624849	-0.011191685	-0.008066756	-0.005795138	-0.00309176	-0.001013689	0	0.0000	0.0000	0.0000
100	-1.493209014	-1.003580562	-0.517600952	-0.162832076	-0.060714494	-0.025728406	-0.013874334	-0.009211528	-0.006539179	-0.004627529	-0.002457521	-0.00076491	0	0.0000	0.0000	0.0000
105	-1.470828084	-0.980998091	-0.495242221	-0.145336337	-0.052685243	-0.022458386	-0.012062818	-0.007748579	-0.005298654	-0.003664273	-0.001993164	-0.000489499	0	0.0000	0.0000	0.0000
110	-1.448447153	-0.958415619	-0.47288349	-0.127840597	-0.044655992	-0.019188366	-0.010251303	-0.00628563	-0.004058129	-0.002701017	-0.001528808	-0.000180626	0	0.0000	0.0000	0.0000
115	-1.425471585	-0.935299105	-0.450191249	-0.1105354	-0.037341397	-0.016596224	-0.008849321	-0.005128014	-0.003087596	-0.001933889	-0.001085857	0	0	0.0000	0.0000	0.0000
120	-1.402095926	-0.911823271	-0.427274611	-0.093358405	-0.030507646	-0.014460161	-0.007722778	-0.00417565	-0.00229821	-0.001297478	-0.000721858	0	0	0.0000	0.0000	0.0000
125	-1.376492376	-0.886241375	-0.402234978	-0.075961623	-0.025565193	-0.013343936	-0.007491602	-0.003825667	-0.001636299	-0.000603505	-0.000384082	0	0	0.0000	0.0000	0.0000
130	-1.350651181	-0.860434829	-0.376968887	-0.058541395	-0.020824481	-0.012336476	-0.007355778	-0.003539734	-0.000987843	0	-0.00010156	0	0	0.0000	0.0000	0.0000
135	-1.324809985	-0.834628283	-0.351702797	-0.041121168	-0.016083769	-0.011329016	-0.007219953	-0.003253801	-0.000339387	0	0	0	0	0.0000	0.0000	0.0000
140	-1.29896879	-0.808821737	-0.326436707	-0.023700941	-0.011343057	-0.010321556	-0.007084129	-0.002967868	0	0	0	0	0	0.0000	0.0000	0.0000
145	-1.273127595	-0.783015191	-0.301170616	-0.006280714	-0.006602345	-0.009314096	-0.006948305	-0.002681935	0	0	0	0	0	0.0000	0.0000	0.0000
150	-1.247286399	-0.757208645	-0.275904526	0	-0.001861633	-0.008306636	-0.006812481	-0.002396002	0	0	0	0	0	0.0000	0.0000	0.0000
155	-1.221445204	-0.731402099	-0.250638436	0	0	-0.007299176	-0.006676656	-0.002110069	0	0	0	0	0	0.0000	0.0000	0.0000
160	-1.195604008	-0.705595554	-0.225372345	0	0	-0.006291716	-0.006540832	-0.001824135	0	0	0	0	0	0.0000	0.0000	0.0000
165	-1.169762813	-0.679789008	-0.200106255	0	0	-0.005284256	-0.006405008	-0.001538202	0	0	0	0	0	0.0000	0.0000	0.0000
170	-1.143921618	-0.653982462	-0.174840165	0	0	-0.004276796	-0.006269184	-0.001252269	0	0	0	0	0	0.0000	0.0000	0.0000
175	-1.118080422	-0.628175916	-0.149574074	0	0	-0.003269337	-0.006133359	-0.000966336	0	0	0	0	0	0.0000	0.0000	0.0000
180	-1.092239227	-0.60236937	-0.124307984	0	0	-0.002261877	-0.005997535	-0.000680403	0	0	0	0	0	0.0000	0.0000	0.0000
185	-1.092239227	-0.60236937	-0.124307984	0	0	-0.002261877	-0.005997535	-0.000680403	0	0	0	0	0	0.0000	0.0000	0.0000
190	-1.092239227	-0.60236937	-0.124307984	0	0	-0.002261877	-0.005997535	-0.000680403	0	0	0	0	0	0.0000	0.0000	0.0000
195	-1.092239227	-0.60236937	-0.124307984	0	0	-0.002261877	-0.005997535	-0.000680403	0	0	0	0	0	0.0000	0.0000	0.0000
200	-1.092239227	-0.60236937	-0.124307984	0	0	-0.002261877	-0.005997535	-0.000680403	0	0	0	0	0	0.0000	0.0000	0.0000
