ncols         102
nrows         59
xllcorner     48480
yllcorner     240920
cellsize      20
NODATA_value  -9999 	 Unit:	µg/m³
0 0 0 0 0 0 0 0 0 0 0 0 0 0 0 0 0 0 0 0 0 0 0 0 0 0 0 0 0 0 0 0 0 0 0 0 0 0 0 0 0 0 0 0 0 0 0 0 0 0 0 0 0 0 0 0 0 0 0 0 0 0 0 0 0 0 0 0 0 0 0 0 0 0 0 0 0 0 0 0 0 0 0 0 0 0 0 0 0 0 0 0 0 0 0 0 0 0 0 0 0 0 
0.0055 0.00441 0.00402 0.00447 0.00493 0.00506 0.00304 0.00221 0.00255 0.0015 0.00172 0.00082 0.00074 0.00154 0.00255 0.00161 0.00143 0.00095 0.00119 7E-05 4E-05 8E-05 0.00018 3E-05 8E-05 0 0.0002 0.00014 0.00025 0.00015 0 0 0 0 0 0 0 0 0 0 0 0 0 0 0 0 0 0 0 0 0 0 0 0 0 0 0 0 0 0 0 0 0 0 0 0 0 0 0 0 0 0 0 0 0 0 0 0 0 0 0 0 0 0 0 0 0 0 0 0 0 0 0 0 0 0 0 0 0 0 0 0 
0.01006 0.00837 0.00671 0.00811 0.00864 0.00575 0.00593 0.0042 0.0028 0.00391 0.00282 0.00206 0.00126 0.00243 0.00186 0.00142 0.00197 0.00086 0.00095 0.00057 0.00091 0.00039 0.00017 0.00057 0.00023 4E-05 5E-05 0.00033 0.00011 5E-05 0.00037 0.00022 0 0 0 0 0 0 0 0 0 0 0 0 0 0 0 0 0 0 0 0 0 0 0 0 0 0 0 0 0 0 0 0 0 0 0 0 0 0 0 0 0 0 0 0 0 0 0 0 0 0 0 0 0 0 0 0 0 0 0 0 0 0 0 0 0 0 0.00128 0.00223 0.00063 0 
0.012 0.0099 0.00871 0.00786 0.00782 0.00682 0.00566 0.00822 0.00736 0.00604 0.00492 0.00395 0.00301 0.00252 0.00185 0.00316 0.00232 0.00163 0.00165 0.00116 0.00027 0.00039 0.00039 0.00014 0.00017 0 0 0 0.00014 0 0.00016 0.00019 0 0 0 0 0 0 0 0 0 0 0 0 0 0 0 0 0 0 0 0 0 0 0 0 0 0 0 0 0 0 0 0 0 0 0 0 0 0 0 0 0 0 0 0 0 0 0 0 0 0 0 0 0 0 0 0 0 0 0 0 0 0.00296 0 0 0 0.00214 0.00168 0 0.00186 0 
0.01862 0.01358 0.01074 0.01332 0.0111 0.01111 0.00866 0.00622 0.00508 0.00554 0.00559 0.00369 0.00353 0.0031 0.0028 0.00396 0.00265 0.00175 0.0017 0.00151 0.00144 0.0005 0.00094 0.00074 0.00068 0.00024 0 0 0.0001 0.00036 0.00017 3E-05 0 0 0 0 0 0 0 0 0 0 0 0 0 0 0 0 0 0 0 0 0 0 0 0 0 0 0 0 0 0 0 0 0 0 0 0 0 0 0 0 0 0 0 0 0 0 0 0 0 0 0 0 0 0 0 0 0 0 0 0 0 0 0 0 0.00039 0.00103 0 0.00054 0.00126 0 
0.01723 0.01766 0.01747 0.01756 0.0118 0.00996 0.01148 0.01014 0.01032 0.01002 0.00519 0.00742 0.00518 0.00398 0.00473 0.00366 0.00424 0.00454 0.00289 0.0017 0.00193 0.00186 0.00066 0.00072 0.00049 4E-05 0.00028 0.00058 0.00027 0.00062 0.00039 0.00022 0.0002 0 0 0 0 0 0 0 0 0 0 0 0 0 0 0 0 0 0 0 0 0 0 0 0 0 0 0 0 0 0 0 0 0 0 0 0 0 0 0 0 0 0 0 0 0 0 0 0 0 0 0 0 0 0.00019 0.00135 0 0 0 0 0 0.00247 0.0019 0.00245 0.0019 0.0005 0.00182 0.00573 0.00341 0 
0.02169 0.02166 0.02382 0.02254 0.01827 0.01551 0.01333 0.00999 0.01015 0.01079 0.00908 0.00715 0.00782 0.00908 0.00819 0.00631 0.00559 0.0049 0.00456 0.00282 0.00212 0.00162 0.00179 0.00076 0.00047 0.00051 0.00075 0.0009 0.00046 0.00027 0.00016 0 0.00032 0.00016 8E-05 0.00019 0.00021 0 0 0 0 0 0 0 0 0 0 0 0 0 0 0 0 0 0 0 0 0 0 0 0 0 0 0 0 0 0 0 0 0 0 0 0 0 0 0 0.00019 0.00033 0 0 0 0 0.0006 0 0 0.00034 0.00107 0.0003 0 0.00034 0.00312 0.00099 0.00113 0.00174 0.00305 0.00427 0.00132 0.00272 0.00527 0.00467 0.00175 0 
0.02853 0.02574 0.02326 0.02133 0.02517 0.02093 0.01622 0.01503 0.01694 0.01392 0.01353 0.0117 0.01114 0.00815 0.00711 0.00771 0.00726 0.00512 0.00478 0.00529 0.00297 0.00258 0.0014 0.00179 0.00188 0.00074 0.00179 0.0005 0.00062 0.00013 0.00049 0.00018 0.00012 0 0 0 0 0 6E-05 0 0 0 0 0 0 0 0 0 0 0 0 0 0 0 0 0 0 0 0 0 0 0 0 0 0 0 0 0 0 0 0 0 0 0 0 0 0.00127 0.00061 0.00056 0.00073 0.00244 0.00171 0.00128 0.00246 0.00019 0.00095 0.00443 0.00474 0.00108 0.00054 0.00363 0.00212 0.00519 0.00095 0.0015 0.0018 0.00341 0.00483 0.00805 0.00561 0.00715 0 
0.03476 0.03463 0.03485 0.03186 0.03295 0.02772 0.02496 0.02599 0.02211 0.02023 0.01945 0.01615 0.01412 0.01584 0.01222 0.00871 0.00936 0.00735 0.00678 0.00552 0.00529 0.00427 0.00501 0.00264 0.00267 0.00274 0.0019 0.00161 0.001 0.00012 0.00042 0.00038 0.00092 0.00062 0.00013 0 0 0 6E-05 0 0 0 0 0 0 0 0 0 0 0 0 0 0 0 0 0 0 0 0 0 0 0 0 0 0 0 0 0 0 0 0 0 0 0 0 0.00076 0.00092 0.00067 0.00051 0.00239 0.0047 0.00147 0.00186 0.00233 0.00347 0.00287 0.00175 0 0.00012 0.00285 0.00656 0.00546 0.00172 0.00398 0.00224 0.0041 0.00888 0.01191 0.01098 0.01213 0.01154 0 
0.05038 0.0451 0.05112 0.04607 0.04041 0.04007 0.0373 0.02634 0.02698 0.02626 0.02303 0.02452 0.02095 0.01537 0.0177 0.01531 0.0121 0.01163 0.01046 0.0091 0.00773 0.00748 0.00599 0.00507 0.00616 0.00567 0.0053 0.00312 0.0012 0.00249 0.00179 0.00108 0.00043 0.00083 0.00026 0.00013 0 5E-05 2E-05 0.00031 0.00036 1E-05 0 0.00011 0.0001 0 0 0 0 0 0 0 0 0 0 0 0 0 0 0 0 0 0 0 0 0 0 9E-05 0.00017 0 0.00097 0.00058 0.00098 0.00125 0.00079 0.00032 0.0011 0.0008 0.0029 0.00317 0.00212 0.00246 0.00236 0.00321 0.00327 0.00422 0.00193 0.00304 0.00614 0.0098 0.00457 0.00257 0.00519 0.01119 0.01061 0.01036 0.01107 0.01172 0.01105 0.00805 0.01408 0 
0.05629 0.05532 0.04879 0.04875 0.04528 0.04627 0.04745 0.04636 0.04485 0.04086 0.03704 0.03263 0.02741 0.02707 0.02461 0.02343 0.02158 0.01899 0.01537 0.01273 0.01255 0.01218 0.00958 0.00822 0.00787 0.00639 0.00487 0.00558 0.0053 0.00165 0.00162 0.00162 0.00102 0.00051 0.00067 0.00017 0 0 0.00024 0 0 0 0 0 0.00022 0.00017 0 0 0 0 0 0 0 0 0 0 0 0 0 0 0 0.00025 0.00069 0.00027 0 0 0.00036 0.00033 0.00081 0.00174 0.00235 0.00287 0.00104 0.00097 0 0 0.00258 0.00593 0.00374 0.00973 0.00199 0.00299 0.00302 0.0036 0.00506 0.00392 0.00531 0.00779 0.00822 0.01149 0.01199 0.00564 0.01089 0.02094 0.01423 0.00856 0.00749 0.01122 0.01468 0.00938 0.00975 0 
0.07638 0.07926 0.07707 0.07074 0.06901 0.06003 0.05934 0.05889 0.05552 0.05159 0.04707 0.0467 0.04302 0.04187 0.03597 0.03415 0.03073 0.02678 0.02712 0.02501 0.02146 0.01544 0.01513 0.01276 0.01401 0.00993 0.0103 0.0087 0.00668 0.00602 0.00414 0.00258 0.00281 0.00566 0.00253 0.00173 0.00118 0.00054 0.00012 0 0 0 0 0 0 0.00018 0 0 0 0 0 0 0 0 0 0 0 0 0 0 0.00041 0.00089 0.0001 0.0003 0.00036 0.00113 0.00083 0.00078 0.00393 0.00217 0.00351 0.00305 0.00252 0.00221 0.00195 0.00433 0.0046 0.00905 0.01286 0.01304 0.00963 0.00922 0.00744 0.00668 0.00745 0.00599 0.00769 0.00926 0.01783 0.02116 0.02817 0.02031 0.02441 0.02276 0.0239 0.02035 0.02116 0.02189 0.02102 0.01958 0.01638 0 
0.10731 0.10092 0.10177 0.10613 0.10244 0.09134 0.07786 0.07578 0.0672 0.07174 0.06656 0.05808 0.05555 0.05992 0.04911 0.0473 0.04493 0.04307 0.03772 0.03432 0.04123 0.0352 0.03169 0.02262 0.02129 0.01811 0.01592 0.01482 0.01088 0.0072 0.00622 0.00454 0.00289 0.00224 0.00193 0.00179 0.00149 0.00082 0.0006 0.00026 0 0 0 0 0 0 0 0 0 0 0 0 0 0 0 0.00114 0 0 0 0.0004 0 0.00098 0.00054 0 0.00088 0.00053 0.00358 0.00124 0.00279 0.00495 0.00373 0.00253 0.00594 0.00314 0.01063 0.00854 0.00727 0.00806 0.01395 0.01231 0.01021 0.00896 0.00896 0.01782 0.01286 0.01768 0.02321 0.0301 0.01935 0.0306 0.02094 0.01816 0.03515 0.02401 0.02433 0.03351 0.03448 0.03579 0.02422 0.02411 0.03197 0 
0.15024 0.13931 0.1458 0.12917 0.11779 0.11359 0.12078 0.11517 0.10406 0.09478 0.09676 0.09472 0.07967 0.06739 0.07507 0.06938 0.06667 0.05983 0.06092 0.05315 0.04564 0.0431 0.0448 0.04448 0.03605 0.03072 0.02325 0.02391 0.02027 0.01268 0.00917 0.00625 0.00584 0.0031 0.00286 0.00282 0.00215 0.00144 0.00133 0.00069 0.00077 0 0 0 0 0 0 0 0 0 0 0 0 0 0 0.00029 0.00072 0.00047 0.0013 0.00305 0.00101 0 0.00034 0.00337 0.00212 0.00306 0.00266 0.00295 0.00816 0.0052 0.00187 0.00861 0.01294 0.01177 0.01514 0.00808 0.01829 0.02215 0.01518 0.01631 0.01699 0.02559 0.0213 0.02083 0.023 0.02369 0.02711 0.02187 0.02618 0.03106 0.03345 0.03728 0.04551 0.04792 0.05779 0.05576 0.05832 0.04819 0.05003 0.06091 0.06764 0 
0.18541 0.19716 0.19384 0.18311 0.16491 0.16707 0.15276 0.14725 0.14315 0.1428 0.12732 0.12187 0.1108 0.10786 0.10254 0.10207 0.0942 0.08982 0.0779 0.07324 0.07283 0.06435 0.06237 0.05616 0.05126 0.04827 0.04003 0.03494 0.03096 0.02486 0.01842 0.01453 0.01266 0.01222 0.00665 0.00423 0.00249 0.00314 0.00193 0.0005 0.00108 0.00023 0.00026 0 0 0 0 0 0 0 0 0 0 0 0.00103 0.00017 0.00223 0.00072 0.00812 0.00544 0.00197 0.0032 0.00365 0.01084 0.01216 0.01464 0.00921 0.01235 0.01496 0.02362 0.02149 0.01262 0.02308 0.03116 0.02594 0.02904 0.02739 0.03111 0.03249 0.02936 0.03268 0.03195 0.03787 0.04046 0.03727 0.03684 0.03758 0.04682 0.04284 0.06086 0.0505 0.06525 0.07728 0.07084 0.07917 0.07544 0.0858 0.07874 0.07527 0.06667 0.06988 0 
0.25226 0.25222 0.24368 0.23152 0.22457 0.21576 0.20809 0.19759 0.19564 0.188 0.18362 0.17299 0.17629 0.16106 0.16408 0.14556 0.12985 0.12654 0.12591 0.11692 0.1092 0.11077 0.09533 0.08543 0.07468 0.06817 0.06404 0.05275 0.04753 0.04419 0.03966 0.02773 0.02559 0.01946 0.01678 0.01235 0.00679 0.00449 0.00513 0.00274 0.00213 0.00205 0.00089 0.00011 0 0 0 0 0 0 0 0 0 0 0.00067 0.00121 0.00468 0.00317 0.00619 0.00565 0.0038 0.0063 0.00938 0.01651 0.02415 0.02124 0.02003 0.0208 0.018 0.03305 0.03872 0.03366 0.03332 0.03599 0.04327 0.05067 0.05574 0.0443 0.05732 0.0527 0.05127 0.05244 0.05804 0.05619 0.05735 0.06767 0.06183 0.07443 0.07828 0.07356 0.07189 0.07996 0.08358 0.09282 0.09821 0.09633 0.12015 0.10417 0.14439 0.12929 0.10519 0 
0.32732 0.3085 0.30651 0.30221 0.29569 0.29046 0.2836 0.28897 0.27659 0.2569 0.24755 0.24006 0.24692 0.23401 0.2307 0.21769 0.21558 0.19867 0.17835 0.18126 0.17161 0.15856 0.1468 0.13465 0.12613 0.10586 0.09902 0.09814 0.08683 0.06595 0.05996 0.04643 0.03725 0.03376 0.02499 0.01826 0.01535 0.00918 0.00748 0.00529 0.0046 0.00321 0.00115 0.00032 0.00013 0.00013 0 0 0 0 0 0 0.00035 0.00045 0.00097 0.00144 0.00391 0.00556 0.00736 0.00725 0.01524 0.01303 0.01778 0.02189 0.02368 0.0229 0.0474 0.03399 0.03965 0.04378 0.04121 0.0562 0.05115 0.06583 0.07271 0.07634 0.08528 0.0868 0.08025 0.07496 0.07907 0.08689 0.07511 0.07775 0.08448 0.08081 0.10814 0.12931 0.11297 0.12296 0.12338 0.10429 0.12869 0.13215 0.16585 0.18766 0.15829 0.17761 0.17222 0.18851 0.16691 0 
0.43718 0.43602 0.43347 0.39471 0.38436 0.37249 0.37198 0.38001 0.37898 0.35881 0.35652 0.34908 0.33847 0.33979 0.34138 0.31688 0.29631 0.2786 0.27142 0.27705 0.2523 0.23637 0.22471 0.20806 0.18801 0.18197 0.15961 0.14327 0.12706 0.10762 0.09587 0.08201 0.06759 0.05259 0.0465 0.03509 0.02663 0.02148 0.01316 0.01166 0.00784 0.00527 0.00381 0.00239 0.00145 0.00101 0.00035 0 0 0 0.00024 0.00076 0.00103 0.00139 0.00328 0.0062 0.00573 0.00498 0.01062 0.0144 0.01328 0.02334 0.03012 0.0378 0.03825 0.05617 0.07358 0.05414 0.0646 0.07919 0.07885 0.0854 0.08831 0.08934 0.09903 0.10998 0.11435 0.10574 0.10226 0.12322 0.12735 0.11608 0.12526 0.11 0.14253 0.13047 0.15486 0.19043 0.1809 0.18351 0.18444 0.17795 0.2146 0.22403 0.23732 0.25688 0.26993 0.25751 0.25009 0.2583 0.24729 0 
0.56249 0.5548 0.56359 0.57844 0.56823 0.53382 0.50332 0.50249 0.50783 0.52199 0.49302 0.48041 0.46772 0.4674 0.47006 0.454 0.45853 0.42025 0.40107 0.38707 0.36622 0.36561 0.33765 0.32375 0.30679 0.28513 0.24846 0.23796 0.21684 0.17489 0.14592 0.13328 0.12441 0.09801 0.07155 0.06183 0.05441 0.04126 0.02794 0.01937 0.0127 0.00698 0.00457 0.00335 0.00113 0.001 0.00158 0.00095 0 0.00021 0.00019 0.00053 0.00159 0.00243 0.00397 0.00309 0.00806 0.00951 0.01522 0.01719 0.02208 0.02712 0.04126 0.03841 0.04939 0.07132 0.08463 0.10556 0.09975 0.10195 0.13213 0.1208 0.11497 0.13885 0.13347 0.15701 0.1831 0.18191 0.18843 0.17951 0.19178 0.1858 0.19948 0.1716 0.20626 0.23323 0.20981 0.24261 0.26289 0.28432 0.31295 0.28286 0.3335 0.34254 0.31962 0.36227 0.37388 0.44034 0.39321 0.36397 0.37441 0 
0.75515 0.73769 0.72501 0.7248 0.70508 0.71645 0.70176 0.70355 0.68587 0.67335 0.67035 0.67744 0.66339 0.64204 0.63593 0.62996 0.58373 0.5939 0.58317 0.56636 0.53964 0.50934 0.50091 0.48071 0.44435 0.41521 0.38327 0.35011 0.33124 0.29683 0.2671 0.2381 0.19758 0.16966 0.14123 0.11939 0.09005 0.07263 0.0473 0.03236 0.02288 0.01571 0.00719 0.00639 0.00201 0.0003 0.00094 0.00153 0.00023 0.00047 8E-05 0.00028 0.00051 0.00386 0.00488 0.00585 0.00826 0.01356 0.01935 0.02728 0.03072 0.03816 0.04175 0.05485 0.07588 0.09612 0.11683 0.13585 0.14057 0.14224 0.18531 0.15668 0.18434 0.21473 0.21465 0.24507 0.24828 0.26769 0.2446 0.25454 0.30216 0.30389 0.29273 0.29307 0.27969 0.31949 0.35446 0.3763 0.41034 0.37345 0.38514 0.46688 0.46337 0.44779 0.44328 0.52815 0.5471 0.57254 0.6239 0.5788 0.55431 0 
0.9075 0.90192 0.92587 0.92051 0.9007 0.87515 0.88432 0.90105 0.90505 0.90144 0.90766 0.90838 0.86436 0.86156 0.87406 0.84489 0.83958 0.81264 0.79221 0.75837 0.74872 0.7203 0.69443 0.68594 0.64675 0.64057 0.59703 0.56496 0.52762 0.46368 0.42885 0.38994 0.33201 0.28715 0.246 0.20345 0.16624 0.12766 0.09374 0.07186 0.04543 0.02725 0.0146 0.00746 0.00573 0.00236 0.00101 0.00048 0.00124 0.00037 0.00223 0.00403 0.00479 0.00359 0.00414 0.01247 0.01527 0.02455 0.02672 0.03406 0.04018 0.05226 0.06794 0.07918 0.11119 0.12594 0.13603 0.17252 0.19742 0.22711 0.26366 0.24183 0.29655 0.28743 0.30183 0.32509 0.32716 0.36896 0.40484 0.40659 0.38846 0.40396 0.44878 0.43564 0.45124 0.48835 0.47637 0.54032 0.52803 0.55089 0.58592 0.63435 0.64917 0.63937 0.65188 0.74518 0.77546 0.74067 0.7925 0.82001 0.80842 0 
1.15748 1.12487 1.13232 1.1093 1.11089 1.13067 1.14202 1.13558 1.13432 1.15777 1.15051 1.16275 1.1537 1.15 1.14151 1.12952 1.09894 1.08639 1.05783 1.04707 1.04331 1.02733 0.99466 0.95989 0.926 0.89567 0.86247 0.80715 0.77226 0.73821 0.67908 0.61402 0.57207 0.50821 0.43575 0.36682 0.30477 0.23705 0.18409 0.13881 0.09792 0.06298 0.03551 0.02002 0.00834 0.00516 0.00211 0.00144 0.00143 0.00315 0.00299 0.00303 0.00654 0.00381 0.01288 0.01507 0.02462 0.02868 0.03334 0.04435 0.06195 0.06736 0.09008 0.11488 0.16024 0.16665 0.18843 0.2099 0.22003 0.27826 0.33297 0.36881 0.38133 0.38174 0.42703 0.45352 0.51929 0.55805 0.5508 0.60461 0.58915 0.60964 0.6369 0.63631 0.71652 0.68807 0.76641 0.73684 0.77113 0.81602 0.84411 0.90801 0.89169 0.98621 1.02148 1.01033 1.07939 1.08184 1.12994 1.1333 1.07643 0 
1.43727 1.42131 1.40518 1.39847 1.40791 1.37228 1.42193 1.46412 1.47155 1.46556 1.47949 1.46377 1.46877 1.48722 1.43496 1.46953 1.43696 1.39638 1.39525 1.35696 1.38979 1.36708 1.33383 1.32259 1.28457 1.23375 1.16731 1.14882 1.07633 1.02339 1.00509 0.95764 0.87643 0.81232 0.72456 0.63942 0.54021 0.45541 0.37348 0.28224 0.2067 0.13693 0.08588 0.05108 0.02405 0.01167 0.004 0.00238 0.00249 0.00377 0.00364 0.00394 0.00989 0.01049 0.01345 0.02275 0.02235 0.04195 0.05737 0.05048 0.07208 0.12009 0.14432 0.15396 0.20703 0.21763 0.23146 0.26815 0.29546 0.33976 0.37031 0.44937 0.47337 0.53352 0.59104 0.60618 0.62767 0.70228 0.75163 0.74906 0.83928 0.90625 0.89187 0.9466 0.92003 1.02459 1.06362 1.11105 1.12023 1.11271 1.17033 1.21733 1.29953 1.31487 1.35654 1.45391 1.42527 1.49873 1.5839 1.4896 1.43164 0 
1.76718 1.77176 1.77873 1.75791 1.77523 1.80291 1.74559 1.7044 1.73866 1.81113 1.79289 1.79714 1.80633 1.77361 1.80831 1.81035 1.86289 1.83008 1.7878 1.76487 1.77197 1.74423 1.76578 1.72179 1.72508 1.71685 1.64886 1.63916 1.6213 1.56532 1.48373 1.39297 1.31374 1.25178 1.14548 1.06065 0.94322 0.81727 0.67195 0.55133 0.42115 0.29505 0.18185 0.10662 0.05742 0.02309 0.01256 0.00319 0.00413 0.00286 0.00925 0.00627 0.01667 0.01503 0.01274 0.02931 0.03269 0.05047 0.0619 0.07036 0.10956 0.15225 0.14837 0.17688 0.2277 0.26359 0.30561 0.31882 0.37808 0.45873 0.49756 0.56551 0.60322 0.65044 0.73737 0.78337 0.84759 0.91906 0.95567 1.00817 1.0736 1.08086 1.11907 1.22494 1.30916 1.36756 1.43808 1.49168 1.44781 1.48717 1.61657 1.63953 1.70817 1.73426 1.77591 1.81739 1.91397 1.92583 2.02034 1.91548 1.88851 0 
2.04304 2.04535 2.07699 2.08287 2.09465 2.14088 2.13754 2.11759 2.12725 2.15258 2.16357 2.18677 2.19447 2.20344 2.24388 2.23148 2.20919 2.21083 2.19482 2.24012 2.22495 2.24029 2.2039 2.21278 2.19083 2.17309 2.16164 2.16493 2.14188 2.13192 2.06124 2.03754 1.95134 1.87454 1.78113 1.70169 1.55042 1.36481 1.20748 1.0291 0.8317 0.63826 0.43896 0.24334 0.12304 0.05704 0.02354 0.00805 0.00384 0.00542 0.00578 0.0085 0.0083 0.01914 0.01856 0.02836 0.03037 0.0584 0.06162 0.08567 0.12512 0.17737 0.21037 0.22125 0.26582 0.29752 0.36676 0.38616 0.45294 0.50614 0.58821 0.63725 0.69323 0.80879 0.89137 1.04797 1.08741 1.12286 1.24589 1.29638 1.39973 1.44693 1.50081 1.65391 1.71261 1.86626 1.87918 1.86561 2.00051 1.99818 2.06904 2.1304 2.1583 2.18218 2.27258 2.36847 2.43337 2.45505 2.39997 2.42461 2.31296 0 
2.36698 2.34314 2.35341 2.37089 2.3988 2.47234 2.49686 2.49383 2.4648 2.49058 2.54856 2.53835 2.55188 2.60232 2.59272 2.55497 2.56384 2.58284 2.62404 2.60577 2.62545 2.65446 2.70502 2.7379 2.75984 2.78922 2.7925 2.77442 2.83026 2.83773 2.84437 2.80801 2.78466 2.74999 2.6852 2.61126 2.55324 2.37084 2.18533 1.94758 1.65338 1.30642 0.96091 0.61982 0.33731 0.15035 0.05741 0.02372 0.00853 0.00838 0.00483 0.0087 0.01109 0.02142 0.02651 0.02928 0.04017 0.07235 0.08936 0.10227 0.13064 0.1673 0.22082 0.2811 0.30887 0.37255 0.41035 0.48717 0.54361 0.581 0.68315 0.75651 0.86514 0.94556 1.07156 1.15164 1.22246 1.42065 1.54837 1.63162 1.74154 1.81948 1.94555 2.20179 2.19832 2.20604 2.32641 2.51752 2.56883 2.70005 2.65086 2.76556 2.7904 2.80662 2.8986 2.87021 2.85489 2.91654 2.88648 2.93614 2.88108 0 
2.6445 2.6539 2.70051 2.73872 2.71507 2.73939 2.77684 2.72912 2.78306 2.80643 2.84327 2.82895 2.84573 2.90365 2.90798 2.94226 2.93993 2.97102 3.00665 3.03138 3.06412 3.1179 3.12697 3.22021 3.27284 3.29132 3.36992 3.40324 3.45413 3.53401 3.59922 3.67676 3.65788 3.71906 3.76393 3.74772 3.68875 3.66967 3.57517 3.41822 3.18091 2.82523 2.37242 1.75301 1.08612 0.50169 0.15038 0.0369 0.0088 0.00502 0.00361 0.01346 0.01879 0.01649 0.02428 0.04147 0.04584 0.074 0.10248 0.1117 0.15801 0.20902 0.26491 0.28585 0.33186 0.36617 0.47194 0.52606 0.61079 0.68835 0.77523 0.85739 0.93894 1.09857 1.19396 1.30977 1.55763 1.61187 1.71888 1.90026 2.01246 2.23596 2.3591 2.46037 2.62316 2.7147 2.83569 2.89568 2.97835 2.9878 3.14547 3.21811 3.24774 3.28165 3.34664 3.38224 3.4636 3.44986 3.38144 3.40277 3.30819 0 
2.86893 2.93552 2.99448 2.94623 2.93578 2.95544 2.97152 2.9777 3.05708 3.10682 3.1024 3.08328 3.08511 3.07122 3.10752 3.18954 3.24468 3.23838 3.27836 3.34426 3.39236 3.4411 3.48416 3.5837 3.65014 3.75069 3.87255 3.96971 4.04914 4.15626 4.26203 4.37155 4.49562 4.61917 4.74308 4.86924 5.04682 5.17602 5.31516 5.38625 5.37655 5.3156 5.03214 4.42796 3.35045 1.95214 0.66642 0.10946 0.01614 0.00426 0.00617 0.01009 0.02003 0.02674 0.03867 0.05121 0.06579 0.09094 0.10569 0.13935 0.16367 0.20879 0.26068 0.31334 0.39284 0.42957 0.49193 0.55239 0.61205 0.71166 0.85409 0.94858 1.03879 1.1811 1.28613 1.45433 1.66443 1.78222 1.96417 2.11107 2.23214 2.42548 2.53926 2.81472 2.88276 3.03201 3.1788 3.25157 3.36896 3.46465 3.54127 3.59009 3.73087 3.67035 3.67043 3.6809 3.65437 3.82237 3.79408 3.81617 3.72887 0 
2.94806 3.01222 3.07177 3.07684 3.12344 3.17995 3.19372 3.1979 3.19474 3.16613 3.21682 3.20265 3.21598 3.23091 3.31944 3.36429 3.34537 3.42177 3.47613 3.57006 3.58878 3.64478 3.71566 3.81888 3.9235 3.97276 4.13091 4.29596 4.41299 4.51971 4.70511 4.8702 5.07959 5.26822 5.52085 5.83988 6.07589 6.35544 6.72136 7.11146 7.45509 7.79446 8.00693 7.77486 6.9987 5.10644 2.31139 0.37638 0.02494 0.00795 0.0063 0.01232 0.01897 0.03227 0.03519 0.06084 0.07204 0.08856 0.10665 0.13547 0.19949 0.2097 0.27524 0.30476 0.38786 0.43953 0.51425 0.57654 0.65135 0.78982 0.85917 0.95663 1.10736 1.26322 1.38342 1.58652 1.72054 1.9093 2.04245 2.2543 2.44477 2.58137 2.76068 3.01289 3.20106 3.29414 3.38591 3.43274 3.61199 3.65211 3.79446 3.83088 3.81519 3.9401 3.92514 3.94804 3.91135 3.96656 3.93651 3.98733 3.87619 0 
2.99466 3.01686 3.07928 3.1476 3.137 3.1407 3.1605 3.15644 3.12803 3.23387 3.17317 3.235 3.27341 3.32442 3.32998 3.38125 3.41953 3.46679 3.4907 3.60776 3.6536 3.71725 3.77883 3.87239 3.9631 4.05427 4.17946 4.27714 4.40162 4.55292 4.74978 4.91178 5.15138 5.33664 5.63328 5.87173 6.19776 6.52743 6.88746 7.30166 7.72872 8.12928 8.47609 8.36375 7.49867 5.64295 2.73103 0.4443 0.02298 0.00489 0.00613 0.01367 0.02876 0.02381 0.03405 0.04656 0.06328 0.07745 0.1068 0.12321 0.17001 0.2224 0.22872 0.31397 0.34893 0.41426 0.51846 0.58444 0.63645 0.74916 0.86162 0.95619 1.04561 1.22027 1.29641 1.50282 1.71235 1.88895 2.06739 2.14693 2.40147 2.6041 2.70304 2.92638 3.13648 3.22874 3.34015 3.41565 3.51962 3.66227 3.80848 3.94418 3.91448 3.95547 3.93934 4.00204 3.98281 4.00954 4.00214 3.97288 3.92804 0 
2.86184 2.92565 3.00888 2.9688 3.03396 3.07531 3.10156 3.05404 3.07833 3.09059 3.10806 3.11023 3.08238 3.14803 3.24905 3.24372 3.27926 3.3613 3.39103 3.42928 3.41681 3.46984 3.53516 3.67353 3.7535 3.84998 3.95851 4.0586 4.1198 4.29469 4.36327 4.50508 4.65008 4.8433 4.98212 5.1099 5.33573 5.49624 5.68126 5.82077 5.98177 6.01722 5.79552 5.23521 4.14132 2.56377 0.95087 0.14696 0.02002 0.0043 0.00974 0.00708 0.01751 0.0238 0.03839 0.04341 0.06472 0.08866 0.10863 0.13222 0.16047 0.21764 0.25447 0.29755 0.35692 0.40436 0.48331 0.55334 0.63612 0.74015 0.82994 0.97645 1.04348 1.1643 1.28351 1.47584 1.63959 1.7606 1.91092 2.16375 2.37124 2.46958 2.59282 2.7826 2.90916 3.05771 3.21151 3.33319 3.49548 3.54426 3.58291 3.68358 3.78131 3.82645 3.85309 3.82965 3.82169 3.85556 3.84202 3.8206 3.80856 0 
2.61264 2.67553 2.79111 2.75794 2.75735 2.82279 2.87496 2.88695 2.86062 2.88763 2.89176 2.91511 2.96642 2.98727 3.04264 2.96132 3.01168 3.05726 3.06335 3.09806 3.10505 3.14215 3.25911 3.23072 3.2995 3.35791 3.42308 3.49947 3.57471 3.6494 3.78352 3.85386 3.86056 3.93579 4.07331 4.07432 4.08072 4.09397 4.02946 3.89642 3.67297 3.33095 2.86738 2.20856 1.39157 0.66034 0.20964 0.0422 0.00736 0.00138 0.00623 0.00752 0.01033 0.02696 0.03487 0.04804 0.06066 0.08673 0.09977 0.13569 0.15936 0.19386 0.24342 0.27564 0.34536 0.38019 0.41861 0.50442 0.58692 0.69974 0.76207 0.86423 0.99821 1.0804 1.22009 1.36157 1.50674 1.67231 1.73233 1.90388 2.046 2.21456 2.35966 2.48904 2.60869 2.8879 2.83984 3.01875 3.15741 3.1401 3.24013 3.24013 3.46687 3.47778 3.43484 3.43628 3.45299 3.42297 3.52668 3.44741 3.40658 0 
2.38846 2.41839 2.46036 2.43585 2.48636 2.54051 2.53099 2.53281 2.59386 2.58219 2.58739 2.59207 2.66184 2.59279 2.62287 2.59628 2.63064 2.69288 2.6915 2.71615 2.73896 2.73584 2.74987 2.81667 2.84296 2.86403 2.84859 2.94974 2.97371 3.00769 3.05697 3.06318 3.01331 2.96491 2.90954 2.89978 2.7767 2.66966 2.46988 2.24762 1.9543 1.60546 1.18392 0.78512 0.45747 0.20133 0.06745 0.01715 0.00894 0.00498 0.00529 0.0107 0.01003 0.01876 0.0298 0.04035 0.06152 0.07388 0.08433 0.10864 0.15742 0.17381 0.23747 0.25403 0.30987 0.35839 0.39542 0.45538 0.52081 0.57835 0.68833 0.77715 0.86124 0.99541 1.0753 1.18968 1.2855 1.42748 1.54133 1.66464 1.80952 1.91598 2.03351 2.23026 2.29611 2.3542 2.44479 2.56158 2.65095 2.71579 2.76385 2.93543 2.91153 2.95788 2.9939 3.04072 2.99339 2.9866 2.96777 2.99481 3.02587 0 
2.05363 2.09562 2.11762 2.09116 2.13893 2.1712 2.1036 2.15029 2.1928 2.24077 2.24378 2.26687 2.24638 2.20241 2.25069 2.26152 2.25837 2.23403 2.25388 2.28609 2.3113 2.31336 2.32894 2.32094 2.3313 2.28302 2.32306 2.31262 2.27227 2.25643 2.21417 2.18783 2.16029 2.11673 2.00778 1.88745 1.74312 1.58403 1.38791 1.17601 0.94506 0.71316 0.48894 0.3003 0.1702 0.05889 0.0225 0.00538 0.00281 0.00462 0.00402 0.00364 0.01077 0.01528 0.02579 0.04036 0.05036 0.06554 0.08293 0.10111 0.11589 0.15205 0.1835 0.24859 0.27865 0.32742 0.36089 0.4441 0.49815 0.55965 0.59726 0.68007 0.77031 0.85389 0.95158 1.01643 1.08869 1.18169 1.30245 1.36243 1.43661 1.56837 1.69578 1.72425 1.84617 1.8909 1.98229 2.07064 2.10984 2.12695 2.23764 2.30163 2.34609 2.4411 2.46284 2.46259 2.54238 2.54416 2.56781 2.64639 2.57793 0 
1.73375 1.77584 1.82535 1.80261 1.77843 1.78663 1.74725 1.7748 1.77884 1.83261 1.83685 1.82777 1.86267 1.87991 1.89443 1.87437 1.90818 1.91451 1.89379 1.89948 1.89753 1.90306 1.85904 1.83716 1.81329 1.80562 1.75023 1.73716 1.7031 1.64942 1.59424 1.5081 1.4311 1.3783 1.24817 1.14398 1.0534 0.92653 0.77314 0.63263 0.4903 0.33153 0.21084 0.12759 0.06743 0.03347 0.0139 0.00592 0.00111 0.00098 0.00607 0.00494 0.00753 0.0099 0.02117 0.02969 0.03913 0.05173 0.07603 0.09462 0.11915 0.12593 0.14721 0.18113 0.21693 0.26619 0.3209 0.37311 0.4161 0.45331 0.56089 0.59148 0.64432 0.70036 0.76285 0.84929 0.89377 0.93415 1.0132 1.05573 1.12449 1.20287 1.29946 1.36987 1.41341 1.45561 1.51867 1.67051 1.64782 1.70206 1.76478 1.76494 1.864 1.85888 1.9214 1.9839 2.01944 2.02308 2.03733 2.13854 2.13955 0 
1.38449 1.41877 1.46931 1.48109 1.50489 1.4964 1.52808 1.51443 1.55108 1.55222 1.53113 1.49457 1.50931 1.58322 1.53486 1.4949 1.51787 1.53017 1.48274 1.4766 1.45752 1.44521 1.40438 1.42544 1.36758 1.32424 1.31181 1.25866 1.20584 1.13754 1.07071 1.02384 0.96225 0.87653 0.80344 0.73075 0.6317 0.52091 0.41533 0.31797 0.22665 0.15418 0.09423 0.04807 0.03047 0.01038 0.00908 0.00183 0.0014 0 0.00149 0.00492 0.00861 0.00657 0.01371 0.02266 0.02838 0.04707 0.06223 0.08367 0.10104 0.1125 0.13509 0.15227 0.19028 0.21944 0.24745 0.30103 0.34717 0.39408 0.43273 0.47375 0.47288 0.55396 0.60349 0.64243 0.71474 0.74732 0.7905 0.84265 0.86382 0.87078 0.9455 0.9918 1.0478 1.06146 1.1242 1.16067 1.26143 1.27265 1.31667 1.36476 1.40517 1.43038 1.43026 1.48598 1.51062 1.58152 1.64806 1.69545 1.70476 0 
1.1929 1.22895 1.18773 1.22694 1.21201 1.18749 1.20904 1.2203 1.21142 1.20974 1.20225 1.21819 1.21067 1.16375 1.18107 1.17949 1.1699 1.14472 1.14018 1.12739 1.08809 1.08311 1.04556 1.013 0.96668 0.93053 0.91694 0.89612 0.85765 0.79977 0.74291 0.67057 0.58384 0.53625 0.4695 0.397 0.32641 0.27113 0.22149 0.16595 0.11027 0.07553 0.04532 0.02767 0.01282 0.00842 0.00289 0.0015 0.00046 0.00078 0.00124 0.00263 0.00946 0.00896 0.01064 0.01213 0.0232 0.038 0.05277 0.05823 0.07462 0.09252 0.12241 0.13916 0.16045 0.18457 0.21571 0.24349 0.27946 0.32382 0.34882 0.38756 0.41922 0.43228 0.46334 0.49543 0.53226 0.56576 0.59713 0.58649 0.62779 0.66896 0.68278 0.70973 0.75947 0.78903 0.8155 0.84134 0.90894 0.92204 0.95209 0.94757 0.9794 1.00892 1.08206 1.09177 1.18528 1.19988 1.20552 1.29509 1.2966 0 
0.9431 0.95232 0.98283 0.94802 0.96368 0.97345 0.9884 0.94345 0.92863 0.96527 0.93929 0.92964 0.91231 0.90955 0.90026 0.87433 0.89904 0.87299 0.83203 0.82894 0.80731 0.76402 0.7326 0.72547 0.7215 0.65738 0.64832 0.59654 0.56195 0.49243 0.46021 0.41564 0.37256 0.31897 0.26861 0.21454 0.175 0.14235 0.1154 0.07375 0.05211 0.03583 0.02205 0.01689 0.00662 0.00233 0.00143 0.00055 0 0.00081 0.00298 0.00199 0.00481 0.00698 0.01027 0.01252 0.01728 0.02495 0.03257 0.04272 0.05795 0.07064 0.07975 0.09949 0.1244 0.13649 0.16625 0.18569 0.19667 0.23845 0.26525 0.28561 0.31668 0.33527 0.34076 0.3477 0.33929 0.37815 0.41244 0.4456 0.47376 0.46508 0.48243 0.52768 0.52671 0.54362 0.58833 0.58476 0.59058 0.63176 0.64085 0.67856 0.68817 0.69739 0.75244 0.804 0.84012 0.88732 0.92707 0.91437 0.95121 0 
0.75028 0.7446 0.78349 0.76779 0.73513 0.77326 0.76808 0.73719 0.72672 0.71521 0.72727 0.72564 0.71882 0.69796 0.68359 0.66253 0.64372 0.63077 0.62602 0.62076 0.59695 0.56692 0.53377 0.5168 0.50074 0.47672 0.44034 0.40018 0.36346 0.33802 0.29981 0.25311 0.22081 0.18893 0.16015 0.13959 0.10063 0.07599 0.05134 0.03714 0.02727 0.02264 0.01695 0.00294 0.00252 0.00291 0.00068 0.00107 0.00091 0 0.00104 0.00087 0.00147 0.00551 0.00839 0.01 0.01031 0.01535 0.02678 0.02651 0.03721 0.04787 0.05968 0.06414 0.07458 0.0923 0.10642 0.13308 0.16705 0.1752 0.18848 0.19093 0.20751 0.21899 0.22922 0.24673 0.24746 0.25984 0.26418 0.32146 0.32745 0.33154 0.33836 0.3328 0.34167 0.35259 0.35215 0.38127 0.42861 0.42975 0.46396 0.45614 0.5377 0.53056 0.53743 0.58884 0.61326 0.63329 0.66506 0.6976 0.67771 0 
0.56322 0.56763 0.58145 0.58308 0.54922 0.53643 0.53939 0.54073 0.56657 0.55994 0.5279 0.5359 0.53638 0.50996 0.48896 0.46764 0.47279 0.45342 0.43047 0.42892 0.41636 0.40726 0.37657 0.36911 0.3176 0.29998 0.28042 0.24828 0.22755 0.21943 0.17818 0.15726 0.12995 0.12914 0.1009 0.07507 0.05507 0.04557 0.03567 0.02614 0.01767 0.01093 0.00664 0.00084 0.00151 0.00071 0.00069 0.00068 0.00026 0 0.00033 0.00042 0.00106 0.00273 0.00458 0.00734 0.0137 0.01345 0.0146 0.02075 0.02626 0.03658 0.04888 0.05559 0.06761 0.07453 0.08072 0.09554 0.10369 0.1129 0.12914 0.13291 0.14787 0.14924 0.15279 0.16166 0.1828 0.18785 0.18993 0.19183 0.19598 0.22394 0.22353 0.22394 0.23846 0.24739 0.26154 0.25085 0.27634 0.29577 0.30487 0.31488 0.33831 0.32586 0.35508 0.40176 0.41139 0.43092 0.44559 0.46032 0.48595 0 
0.42351 0.4609 0.4487 0.42632 0.40892 0.42349 0.40638 0.3933 0.39127 0.39177 0.36953 0.37262 0.36402 0.3608 0.36005 0.3569 0.35235 0.31802 0.31457 0.30322 0.27844 0.26676 0.2596 0.24258 0.21087 0.20397 0.1757 0.16632 0.15169 0.12824 0.11416 0.09125 0.08026 0.0733 0.0539 0.04661 0.03651 0.02531 0.01943 0.00954 0.00539 0.00253 0.00581 0.00114 0.00037 0.00038 0 0.00022 0 0 0 0.00052 9E-05 0.0015 0.00234 0.00435 0.00627 0.01283 0.01728 0.01729 0.02142 0.02578 0.02819 0.03846 0.05108 0.05331 0.05686 0.06947 0.07063 0.07521 0.08794 0.10012 0.10739 0.11293 0.11877 0.12308 0.12134 0.13183 0.13972 0.15197 0.13665 0.15035 0.1611 0.162 0.16975 0.1571 0.16455 0.17589 0.18154 0.2051 0.20964 0.2239 0.2212 0.2333 0.24199 0.26454 0.26607 0.27008 0.29459 0.31576 0.34801 0 
0.34309 0.34871 0.3291 0.30806 0.31631 0.31727 0.29321 0.30117 0.30349 0.28577 0.26053 0.25202 0.25034 0.24113 0.23861 0.23037 0.22021 0.23119 0.23424 0.21729 0.19909 0.17868 0.16125 0.15288 0.15255 0.12625 0.11754 0.10772 0.09415 0.07618 0.07095 0.05274 0.04103 0.03633 0.03316 0.02317 0.01803 0.01134 0.00886 0.00582 0.00774 0.00055 0.00099 0.00057 0.00013 0 0 0 0 0 0 0 0.0008 0.00082 0.00304 0.00368 0.00363 0.00613 0.00756 0.01148 0.00731 0.0121 0.00988 0.01712 0.02385 0.03437 0.04704 0.0414 0.0465 0.05328 0.06985 0.0647 0.06853 0.07509 0.07426 0.06331 0.07149 0.07895 0.07307 0.07074 0.08496 0.08988 0.09352 0.10264 0.10704 0.10226 0.09625 0.10402 0.12659 0.14263 0.13659 0.13889 0.15369 0.15277 0.15855 0.15437 0.18648 0.18511 0.22284 0.2389 0.2471 0 
0.23873 0.25233 0.25041 0.23309 0.22966 0.23229 0.2149 0.21366 0.21501 0.21488 0.2024 0.19466 0.19313 0.18048 0.15866 0.15797 0.15956 0.14821 0.14325 0.14902 0.12313 0.10666 0.10517 0.10039 0.08602 0.07174 0.06517 0.05941 0.05151 0.04223 0.03493 0.02886 0.02416 0.02197 0.01317 0.00946 0.01049 0.00967 0.00361 0.00294 0.00395 0.0012 0.00072 0.00115 0.00011 0 0 0 0 0 0 0 0.00033 0.00026 0.00018 0.0022 0.00186 0.00259 0.00555 0.00719 0.00779 0.00766 0.01004 0.01396 0.01351 0.01378 0.02084 0.03011 0.03173 0.03022 0.04399 0.05222 0.05109 0.04881 0.04491 0.04788 0.0485 0.04273 0.04719 0.05402 0.05083 0.049 0.07039 0.07003 0.06361 0.07732 0.07562 0.07051 0.07863 0.08523 0.08738 0.09559 0.10246 0.1061 0.1066 0.11792 0.13757 0.13485 0.14113 0.16996 0.17821 0 
0.19215 0.19936 0.18194 0.16987 0.17406 0.17018 0.17053 0.15481 0.15802 0.14534 0.1294 0.14163 0.13166 0.13539 0.11614 0.11705 0.10947 0.09566 0.08208 0.08266 0.07945 0.07396 0.07027 0.06632 0.05363 0.04964 0.04438 0.03322 0.03574 0.02537 0.02065 0.01622 0.01746 0.01015 0.00704 0.0065 0.00436 0.00402 0.00229 0.00057 0.00136 0.00065 0 0.00016 0.00048 0 0 0 0 0 0 0 0 0 0.00031 0.00046 0.00143 0.00278 0.00238 0.00269 0.00556 0.00523 0.00701 0.01164 0.01257 0.01445 0.01776 0.01911 0.02005 0.02395 0.02423 0.02924 0.02199 0.02192 0.02407 0.02916 0.03352 0.03595 0.03847 0.03668 0.03955 0.04296 0.04037 0.04117 0.04402 0.05001 0.04038 0.05065 0.05576 0.06134 0.06021 0.05873 0.06712 0.07267 0.0787 0.08268 0.08572 0.08809 0.0942 0.10633 0.10457 0 
0.15029 0.15037 0.14911 0.1481 0.13231 0.12128 0.11726 0.10877 0.09959 0.10935 0.11213 0.10779 0.10257 0.0962 0.09911 0.08471 0.06654 0.05851 0.05744 0.05345 0.05338 0.04582 0.04607 0.04627 0.03483 0.02919 0.02243 0.02137 0.02018 0.0138 0.01153 0.01127 0.00868 0.0046 0.00551 0.00473 0.00146 0.00125 0.0005 0.00253 0.00065 0.00043 0.00028 0.00083 0.00073 0.00028 0 0 0 0 0 0 0 0 0.00019 9E-05 0.00051 0.00098 0.00218 0.00279 0.00532 0.00429 0.00524 0.00889 0.00661 0.0113 0.01057 0.00903 0.0082 0.01428 0.01254 0.01192 0.01171 0.01862 0.0222 0.01602 0.01692 0.03179 0.02606 0.02392 0.02206 0.02245 0.02497 0.02399 0.0243 0.02293 0.02955 0.03888 0.03692 0.0494 0.04294 0.03876 0.03903 0.03991 0.05471 0.05611 0.05426 0.0727 0.07634 0.06709 0.05297 0 
0.11482 0.11888 0.11015 0.1028 0.09385 0.08998 0.08461 0.09165 0.08093 0.07033 0.07188 0.07112 0.06129 0.06384 0.05568 0.04836 0.04696 0.04765 0.04651 0.03737 0.03521 0.03085 0.02702 0.02496 0.01841 0.0133 0.01213 0.01131 0.00979 0.00773 0.00774 0.00421 0.00394 0.00256 0.00093 0.00137 0.00201 0.00104 0.00012 0.00106 0 0.00013 0.00014 0 0 0.00019 0 0 0 0 0 0 0 0 0 0 0 0 0 0.00073 0.00161 0.00194 0.00266 0.00477 0.00337 0.00286 0.00475 0.00367 0.00277 0.00522 0.00542 0.00697 0.00787 0.00721 0.00742 0.00745 0.00805 0.01085 0.00963 0.01301 0.01168 0.01522 0.01087 0.01188 0.01542 0.01515 0.01245 0.01585 0.02547 0.02813 0.02367 0.02704 0.03213 0.02632 0.02462 0.02997 0.03232 0.03437 0.03808 0.0406 0.03557 0 
0.08645 0.08418 0.08112 0.08197 0.07566 0.06728 0.06163 0.06067 0.05932 0.05996 0.04745 0.04571 0.04514 0.0389 0.04625 0.04109 0.03526 0.03494 0.02832 0.02934 0.02385 0.02018 0.01682 0.01183 0.01008 0.00941 0.00785 0.0069 0.00653 0.00661 0.00508 0.00393 0.0037 0.0005 0.00066 0.00155 0.0005 0.00073 0.00079 0.00068 0.00034 0 0 0 0 0 0 0 0 0 0 0 0 0 0 0 0 0 0.00056 0.0002 0.00055 0.00025 0.00043 0.00102 0.00279 0.00203 0.003 0.00394 0.00328 0.00483 0.00862 0.00513 0.00675 0.00476 0.00388 0.00315 0.00426 0.00523 0.00582 0.00677 0.00569 0.00963 0.0085 0.00672 0.01045 0.01129 0.0155 0.01352 0.01482 0.01572 0.01161 0.01224 0.01301 0.02336 0.01879 0.01989 0.01431 0.02702 0.02839 0.02412 0.03333 0 
0.06466 0.06344 0.06202 0.05576 0.05383 0.05377 0.05047 0.0515 0.05519 0.04724 0.03494 0.03125 0.03076 0.02935 0.03358 0.02585 0.02105 0.02187 0.01748 0.01379 0.01461 0.01272 0.00982 0.00851 0.01003 0.01108 0.00691 0.00243 0.00455 0.00341 0.0016 0.00192 0.00077 0.00036 0.00016 0.00025 0 0 0 0 0 0 0 0 0 0.001 0.00051 0 0 0 0 0.00025 0.00098 0.00095 0.00077 0.00042 0.00081 0.00076 5E-05 0 0.00016 0.00031 0.00066 0.00069 0.00092 0.00068 0 0.0009 0.0007 0.00152 0.00355 0.00356 0.00268 0.00381 0.00342 0.00325 0.00313 0.00353 0.00146 0.00312 0.00373 0.00372 0.00704 0.00517 0.0085 0.00697 0.0086 0.00801 0.01161 0.01268 0.01183 0.01127 0.0082 0.00942 0.0141 0.01512 0.02166 0.02195 0.02216 0.01993 0.02002 0 
0.05723 0.0474 0.05528 0.04648 0.03607 0.03474 0.03559 0.03159 0.02653 0.02489 0.02761 0.02912 0.02299 0.02034 0.01961 0.01941 0.01245 0.01191 0.01015 0.00818 0.01024 0.00799 0.00769 0.01042 0.00526 0.00291 0.00159 0.00261 0.00331 0.00283 4E-05 0.00101 0.00103 0 0 0 0 0 0 0 0 0 0 0 0 0 0 0 0 0.00031 0.00061 0.00043 0 0 0 0 0 0 0 0 0 0 0 0 0.00034 0.00039 0.0003 0.00045 0.00113 0.00054 0.00025 0.00063 0.00044 0.00101 0.0022 0.00381 0.00467 0.00389 0.00644 0.00462 0.00227 0.00243 0.00392 0.00461 0.00588 0.00509 0.00548 0.00664 0.00957 0.00778 0.0073 0.00587 0.00565 0.00754 0.00777 0.01156 0.01364 0.01094 0.00972 0.01288 0.01545 0 
0.03703 0.03625 0.0359 0.03435 0.02993 0.02621 0.02835 0.02439 0.0233 0.02144 0.01669 0.0166 0.01428 0.01383 0.01336 0.01496 0.00899 0.00975 0.00932 0.00806 0.00783 0.00663 0.00484 0.00345 0.00231 0.00196 0.00119 0.00104 0.00038 0.00033 0.00037 6E-05 7E-05 0 0.00022 0 0 0.00021 4E-05 0 0 0 0 0 0 0 0 0 0 0 0 0 0 0 0 0 0 0 0 0 0 0 0 0 0 0 0 0 0.00017 0.00048 0.00158 0.00082 0.0001 0 0 0.00048 0.00139 0.00213 0.0018 0.001 0.00095 0.00037 0 0.0006 0.00271 0.00405 0.00523 0.00261 0.00345 0.00415 0.00761 0.00387 0.00314 0.00405 0.00441 0.00184 0.00306 0.00441 0.00366 0.00518 0.00938 0 
0.03061 0.02644 0.02336 0.02779 0.0213 0.01788 0.01664 0.01573 0.01608 0.01706 0.01289 0.0121 0.01067 0.01092 0.00951 0.00776 0.00746 0.00937 0.00433 0.00503 0.00228 0.00197 0.00297 0.0032 0.00063 0.00085 0.00214 0.0018 0.00046 0.00095 0.00075 0.0002 0.00013 0.00019 4E-05 0.00011 0.00012 0.00169 0 0 0 0 0 0 0 0 0 0 0 0 0 0 0 0 0 0 0 0 0 0 0 0 0 0 0 0 0 0 0 0 0 0.00062 3E-05 0.00136 0.00136 0.00055 0.00096 0.00119 0.00227 0.00194 7E-05 0.00165 0.0008 0.00088 0.0001 0.00081 0.00118 0.00304 0.00534 0.0046 0.00436 0.00324 0.00226 0.00354 0.00447 0.00428 0.00334 0.00251 0.00274 0.00294 0.00443 0 
0.02464 0.02421 0.02407 0.02232 0.01712 0.01529 0.01474 0.01357 0.01253 0.014 0.0122 0.01107 0.00833 0.00838 0.00698 0.0055 0.00592 0.00511 0.00513 0.00341 0.00129 0.00189 0.00154 0.00157 0.00054 0.0013 0.00131 0.0013 0.00063 0.00142 0.00027 0 0 0 0 0 0.00066 0.00041 0 0 0 0 0 0 0 0 0 0 0 0 0 0 0 0 0 0 0 0 0 0 0 0 0 0 0 0 0.00022 0.00074 0.00015 0 0 0 0 0 4E-05 0.00015 0.00032 0 0 0 9E-05 9E-05 0 0 0.0006 7E-05 0 0 0 0.00042 0.00058 0.00163 0.00119 0.00237 0.00241 0.00369 0.00223 0.00287 0.00496 0.00319 0.00323 0 
0.01843 0.01899 0.01685 0.01557 0.01223 0.01149 0.01202 0.0096 0.00921 0.00942 0.00753 0.00656 0.00879 0.00792 0.0057 0.00394 0.00495 0.00505 0.00289 0.00219 0.00268 0.00197 0.00157 0.00123 0.00111 0.00073 0.0008 0.00082 0.00114 0.00103 0.0004 0 0 0 0 0 0.00126 0 0 0 0 0 0 0 0 0 0 0 0 0 0 0 0 0 0 0 0 0 0 0 0 0 0 0 0 0 0 0 0.00062 0.0002 0 0 0 0 0 0.00037 0.00065 0.00042 0 0 0 0.00076 0 0 0 0 0 0.00028 0 0.00027 0.00098 0.0014 0.00102 0.00117 0.00071 0.00131 0.00053 0.00066 0.00202 0.00158 0.00171 0 
0.01313 0.01144 0.01212 0.01064 0.00885 0.00756 0.00832 0.00966 0.00842 0.00746 0.00537 0.00431 0.00513 0.00493 0.00251 0.00209 0.0031 0.00187 0.00237 0.00246 0.00148 0.00131 0.00096 0.00088 0.00094 0.00055 0.0004 0.00078 0 4E-05 0 0.00013 0.00052 0 0 0 0 0 0 0 0 0 0 0 0 0 0 0 0 0 0 0 0 0 0 0 0 0 0 0 0 0 0 0 0 0 0 0 0 0.00018 0.00035 0 0 0 0 0 0 0 0 0 0 0.00016 0 0 0 0 0 0 0 0 0.00089 0.00013 0.0009 0.00092 0.00107 0.00119 0 0.00059 0.0011 0.00063 0.0017 0 
0.01138 0.0113 0.01205 0.00734 0.00699 0.00732 0.00596 0.00782 0.00642 0.00653 0.00452 0.00409 0.00432 0.0044 0.00413 0.00259 0.00241 0.00244 0.00211 0.00213 0.00164 0.00132 0.00103 0.00048 0.0004 0.00037 0.00059 3E-05 0.00075 0 0 0 0 0 0 0 0 0 0 0 0 0 0 0 0 0 0 0 0 0 0 0 0 0 0 0 0 0 0 0 0 0 0 0 0 0 0 0 0 0 0.00033 0.00025 0 0 0 0 0 0 0 0 0 0 0 0 0 0 0 0 0 0 0 0 0 0 0.00022 0.00175 0.00047 0.00033 0.00059 0.00029 0.00018 0 
0.0095 0.00822 0.00626 0.00577 0.00784 0.00706 0.00729 0.00783 0.0057 0.00656 0.0034 0.00357 0.00141 0.00278 0.00166 0.00204 0.00186 0.00133 0.00011 0.00126 0.00032 0.00059 0.00027 0.00056 0.00095 0.00065 0.00053 0.00046 0.00023 0 0 0 0 0 0 0 0 0 0.00012 0.00029 0 0.0001 0 0 0 0 0 0 0 0 0 0 0 0 0 0 0 0 0 0 0 0 0 0 0 0 0 0 0 0 0 0.00015 0 0 0 0 0 0 0 0 0 0 0 0 0 0 0 0 0 0 0 0 0 0 0 0.00173 0.00091 0.00024 0 0 0 0 
0.00533 0.00767 0.00679 0.00751 0.00567 0.00565 0.00354 0.0025 0.00295 0.00301 0.0017 0.00142 0.00149 0.00145 0.00176 0.00324 0.00201 0.00146 0.0009 0.00077 0.00071 0.0001 2E-05 0 0.00015 0 0.00056 0.00049 0 0 0 0 0 0 0 0 0 0 0 0 0.00028 0.00035 0 0 0 0 0 0 0 0 0 0 0 0 0 0 0 0 0 0 0 0 0 0 0 0 0 0 0 0 0 0 0 0 0 0 0 0 0 0 0 0 0 0 0 0 0 0 0 0 0 0 0 0 0 0 0.00013 0.00013 0 0 0 0 
0.00541 0.0049 0.00344 0.00428 0.00342 0.00299 0.00342 0.00328 0.00251 0.00192 0.00156 0.00106 0.00142 0.00068 0.00064 0.00017 0.00108 0.00094 0.00077 0.00034 0.00069 0.00016 0.0001 0.00046 0.00038 0.00021 8E-05 0 0 0 0 0 0 0 0.00012 0.00044 5E-05 0 0 0 0 0 0 0 0 0 0 0 0 0 0 0 0 0 0 0 0 0 0 0 0 0 0 0 0 0 0 0 0 0 0 0 0 0 0 0 0 0 0 0 0 0 0 0 0 0 0 0 0 0 0 0 0 0 0 0 0 0 0 0 0.00064 0 
0.00162 0.00222 0.00212 0.00202 0.00211 0.00134 0.00089 0.00176 0.00072 0.00059 0.00044 0.00084 0.00071 0.00048 0.00065 0.00087 0.00047 0.0006 0.00059 0.00023 0.00039 0.00015 0.0001 0.00022 0.00048 0 0 0 0 0 0 0 0.00049 0.00042 0.00021 0 0 0 0 0 0 0 0 0 0 0 0 0 0 0 0 0 0 0 0 0 0 0 0 0 0 0 0 0 0 0 0 0 0 0 0 0 0 0 0 0 0 0 0 0 0 0 0 0 0 0 0 0 0 0 0 0 0 0 0 0 0 0 0 0 0 0 
